-0.5497322277324996
-0.3591855664819046
-0.7597275316592094
-1.0766819236121188
-1.1932623661305546
-1.1060720639932178
-0.8607641828142746
-0.5366626495366691
-0.22998164969504645
-0.03693269368844014
-0.0
-0.0
-0.0
-0.0
-0.0
-0.0
-0.0
-0.0
-0.0
-0.0
-0.0
-0.0
-0.0
-0.0
-0.0
-0.0
-0.0
-0.0
-0.0
-0.0
-0.0
-0.0
-0.0
-0.0
-0.0
-0.0
-0.0
-0.0
0.0008833780548183763
0.10597903756680531
0.48896865376493276
1.1043100640307932
1.8612686784980272
2.659587174557017
3.4019427789493304
4.0055278284848725
4.409718102832625
4.579994017979188
4.507893416702042
4.208718487687211
3.719660800055482
3.098773383868564
2.42440596795927
1.7922104203782008
1.30251295135077
1.0120785466050293
0.8582380936975353
0.7095330893006583
0.5010694524637939
0.25892497327138025
0.06395379804962108
0.0005946635960402218
-0.0
-0.0
-0.0
-0.0
-0.0
-0.0
-0.0
-0.0
-0.0
-0.0
-0.0
-0.0
-0.0
-0.0
-0.0
-0.0
-0.0
-0.0
-0.0
-0.0
-0.0
-0.0
-0.0
-0.0
-0.0
-0.0
-0.0
-0.0
-0.056568868032561094
-0.3541317732270077
-0.8358585708492796
-1.3723185596506582
-1.8419509876431837
-2.14755601174149
-2.227860883969223
-2.063642300006208
-1.678302953133044
-1.1353013959487264
-0.0
