-0.5457547063571313
-0.35830766894739163
-0.7559088790905121
-1.07074537906774
-1.1867633192362905
-1.1003456028229692
-0.8566208936222006
-0.5342950285792315
-0.22905860334582737
-0.036797805340490486
0.0
0.0
0.0
0.0
0.0
0.0
0.0
0.0
0.0
0.0
0.0
0.0
0.0
0.0
0.0
0.0
0.0
0.0
0.0
0.0
0.0
0.0
0.0
0.0
0.0
0.0
0.0
0.0
0.0008812644893172599
0.1057311533695807
0.4878489240212621
1.1018077315100903
1.8570034927860413
2.6532150326834216
3.393058563433046
3.993637316245208
4.394359594655914
4.5610463340466385
4.486000654839881
4.185618911504313
3.6981164699005635
3.081860700511853
2.414126536122169
1.7876233472449408
1.298267652982574
1.001112812880036
0.8401158058853783
0.6904171486028796
0.48670676921334777
0.2515997900466644
0.06223338740950761
0.0005798144613751683
0.0
0.0
0.0
0.0
0.0
0.0
0.0
0.0
0.0
0.0
0.0
0.0
0.0
0.0
0.0
0.0
0.0
0.0
0.0
0.0
0.0
0.0
0.0
0.0
0.0
0.0
0.0
0.0
-0.056285197700975
-0.3522345574285451
-0.8310960876791649
-1.3640405391352466
-1.830241504758285
-2.1332360202816023
-2.212356900798037
-2.048733470732277
-1.6657823941425751
-1.126618596659649
0.0
