-0.008395649502272631
-0.0033556408674596033
-0.009779821742174755
0.020790992377682106
0.09952985950510365
0.21993105996810902
0.36591532209358296
0.521624643055507
0.6765951847805807
0.8257705364344285
0.9662245460593527
1.0937641303880425
1.2061592532412333
1.3059385325117137
1.4004381131991557
1.5007337098213192
1.6196589498034868
1.7689562733998097
1.9568573381098326
2.1860618541518013
2.4529013240091984
2.7480336683962503
3.0579213546096136
3.3671719593990033
3.660587273605034
3.9248896515356493
4.149329586766567
4.325825123267344
4.448784967764527
4.514875879191345
4.523039544429499
4.474607954049283
4.373288447789675
4.2248134100736
4.036220782023497
3.814739834755924
3.566847722343114
3.2972326416871107
3.008881744985839
2.7033061612960565
2.390378898775002
2.094968751889878
1.836173574708222
1.6220811517723939
1.449634541660097
1.3078321979610232
1.1819010891474964
1.057813267331247
0.9256217559786323
0.7812216119149893
0.6266908926337302
0.46885397204562324
0.31617516940418294
0.17474977449775833
0.04546114744685219
0.08688340433185071
0.23610676809053902
0.4118888578228187
0.6125070987899541
0.8331908949597261
1.067757731303412
1.3155606063136038
1.5869298729185817
1.89192143212382
2.233396574934231
2.608991735340194
3.0115275756388655
3.429881387650514
3.8506621729085047
4.259635869346156
4.643238164436991
4.989329970102997
5.288017113923554
5.531546641035383
5.7144448113125
5.833245568590213
5.8862582640099195
5.8734073877210315
5.796026023692473
5.657001146495129
5.4605099583039305
5.212112448117236
4.918580226722357
4.587788140861395
4.2281077407107475
3.8484347643529246
3.4576023215004756
3.064038897722472
2.6756335952439065
2.299402804121284
1.9413647230968656
1.6063198514034598
1.2975386203878712
1.016970646792792
0.7641341882241793
0.5377553001349688
0.33951639690360075
0.1770200050029162
0.061944967028695834
0.0021112232851266464
0.0
