-0.008283270304515769
-0.003342757560589168
-0.009691902873992395
0.02058390383849557
0.09855182785166464
0.21788779096379085
0.3627809698585785
0.5175741494480471
0.6718784327630289
0.8206088592442103
0.9607632757280826
1.0880737362499038
1.2002397733779226
1.2997228954901936
1.3937906314611421
1.4934373125755407
1.611397498361974
1.7593084802391419
1.945320054383297
2.1721243454578327
2.4361785983853106
2.7284323389802307
3.03577365498372
3.343255410259749
3.6359909445888783
3.9007609987462413
4.126599876756728
4.3050132515025945
4.429939369966073
4.497657996925955
4.506905300532363
4.459018795420418
4.3578818681656895
4.20948509966747
4.0211088721016734
3.800139480860112
3.553101582608612
3.2846392251775405
2.9976394744374613
2.693495053278282
2.381937505434535
2.0876710623214794
1.8296835645171736
1.6160097158156694
1.4435844055308178
1.3014416846139254
1.1749127436928488
1.050178462650032
0.9176137058565282
0.7734795109156637
0.6201015662963909
0.46423611818634
0.31382828376376865
0.17403861360686382
0.045212624390451164
0.0850999650815938
0.22647805374489438
0.39040271306604324
0.578502175692047
0.7875391179961783
1.0121429967932354
1.251990956494919
1.5171857531209378
1.817667256529691
2.15648812181283
2.5315007168191133
2.9356031762022696
3.357513521229549
3.7834279012404886
4.198525874850268
4.588604069397922
4.940956041264322
5.245270371496846
5.493560410852225
5.680286054794219
5.80204166750743
5.857272425784943
5.846065424501853
5.769906178698392
5.631800891116047
5.4360080776895
5.188138920861872
4.895003545527237
4.5645206721669185
4.205124957732576
3.825794070057286
3.4354532339321127
3.0426165829865823
2.6552340130237693
2.280346555897965
1.9239576123347482
1.5908202601820445
1.2841392482896876
1.0057917070619398
0.7552404486387329
0.5311637978764706
0.33515827479562627
0.17465434017099224
0.06108812493564474
0.0020812325321666225
0.0
