-0.5426375737736052
-0.35626115886366505
-0.7515914299329736
-1.0646297097553654
-1.179985001856281
-1.0940608688724651
-0.8517282177219604
-0.5312433490913641
-0.2277503122258285
-0.03658763099532613
0.0
0.0
0.0
0.0
0.0
0.0
0.0
0.0
0.0
0.0
0.0
0.0
0.0
0.0
0.0
0.0
0.0
0.0
0.0
0.0
0.0
0.0
0.0
0.0
0.0
0.0
0.0
0.0
0.0008762310590557322
0.10512725931347462
0.4850625261044205
1.0955146464653636
1.8463970316274951
2.6380609296896846
3.3736787701254056
3.9708272573300434
4.369260770373381
4.534995461782554
4.460378413477605
4.161712330508704
3.6769943078528464
3.064258344919635
2.4003380109865726
1.7774131577260015
1.290852467449399
0.995394856933048
0.8353174004443422
0.6864737620135193
0.48392689482791046
0.2501627526845912
0.06187793519367231
0.0005765027930947167
0.0
0.0
0.0
0.0
0.0
0.0
0.0
0.0
0.0
0.0
0.0
0.0
0.0
0.0
0.0
0.0
0.0
0.0
0.0
0.0
0.0
0.0
0.0
0.0
0.0
0.0
0.0
0.0
-0.055963719165508456
-0.350222734528601
-0.8263491992606731
-1.356249685185187
-1.8197878973706565
-2.12105182941762
-2.199720803112526
-2.0370319246307487
-1.6562681114119648
-1.1201838018774242
0.0
