-0.008415848804485596
-0.0033637142873875845
-0.00980335125884951
0.020841013943998156
0.09976932087266233
0.22046019758219249
0.3667956868793356
0.522879632774165
0.6782230219847803
0.8277572783320609
0.9685492097564443
1.0963956447471672
1.2090611818253874
1.3090805225486513
1.4038074621305763
1.5043443624262973
1.6235557276049133
1.7732122493500027
1.9615653899108803
2.1913213548058357
2.4588028203888213
2.7546452310328653
3.06527848374757
3.3752731222682386
3.66939437168559
3.9343326412891457
4.159312562149425
4.336232733656709
4.459488410305815
4.525738331502286
4.533921637905935
4.485373524756339
4.383810251373479
4.234977993866714
4.045931626116294
3.8239178123221875
3.575429290102908
3.305165535810176
3.0161208885057764
2.7098101129094974
2.3961299708947683
2.100009089380704
1.840591270437534
1.6259837572098572
1.4531222535038821
1.3109787440148228
1.1847446544105604
1.0603582866136652
0.9278487324119442
0.783101172445726
0.6281986638586957
0.46998199949275943
0.3169358631179095
0.17517020933198674
0.04557052355360588
0.08709243927797551
0.23667482324361516
0.41287983148305357
0.6139807448720942
0.8351954896827224
1.070326676219346
1.3187257463375182
1.5907479070188844
1.8964732530115678
2.2387699593717643
2.6152687735275317
3.0187730848286596
3.4381334246948216
3.859926576922698
4.269884233361212
4.654409446766589
5.001333923326513
5.300739685984543
5.5448551268502255
5.728193336389895
5.847279919368018
5.900420159351801
5.887538364819626
5.8099708270403365
5.67061146642883
5.473647535194774
5.224652399252522
4.930413961376405
4.5988260145984095
4.238280250415979
3.857693809389405
3.4659210530298625
3.0714107452097474
2.6820709687415576
2.3049349945893605
1.9460355008296435
1.6101845363358644
1.3006604008670484
1.0194174017973596
0.7659726376967331
0.5390490990031933
0.3403332478578308
0.17744590184125214
0.06209400196747527
0.002116302729803771
0.0
