-0.008395435545313829
-0.003355555351417677
-0.009779572510603449
0.020790462534517686
0.09952732305976443
0.21992545518664164
0.36590599701045823
0.5216113498347462
0.6765779422494296
0.8257494922790483
0.9661999225367367
1.0937362566128306
1.2061285151588985
1.30590525162776
1.4004024240628226
1.500695464725399
1.6196176739852068
1.7689111928489352
1.9568074690383856
2.1860061439716727
2.4528388136212427
2.7479636367773486
3.057843425730721
3.3670861494956714
3.660493986228009
3.9247896286067205
4.149223844150797
4.325714882792508
4.4486715937484
4.514760820896901
4.522924278090044
4.474493921953324
4.373176997746888
4.224705743808056
4.036117921902509
3.814642618914142
3.5667568238496767
3.2971486141359025
3.0088050658453653
2.7032372695248092
2.3903179817251146
2.094915363150529
1.836126781173812
1.6220398142260766
1.449597598788932
1.307798868818397
1.1818709692666498
1.057786309737365
0.9255981671882884
0.7812017030562178
0.6266749218767971
0.46884202364663946
0.3161671119123026
0.17474532112815389
0.045459988902912404
0.0868811901721295
0.23610075108303535
0.41187836113791537
0.6124914894965854
0.8331696617019609
1.067730520282172
1.3155270802181693
1.5868894311767783
1.891873217896225
2.2333396584635223
2.6089252471027944
3.0114508290713413
3.4297939796434793
3.8505640416123295
4.2595273156558235
4.643119834924023
4.989202820694654
5.287882352692813
5.531405673633579
5.714299182885212
5.833096912612916
5.8861082570430305
5.873257708249284
5.795878316227931
5.656856981977432
5.460370801219791
5.211979621261133
4.91845488031924
4.587671224451535
4.2279999904916075
3.84833668982062
3.4575142070458096
3.063960812942488
2.675565408687673
2.2993442055303235
1.941315248843329
1.6062789155223016
1.2975055535695061
1.0169447300430847
0.7641147148258455
0.5377415958362644
0.33950774457768773
0.17701549377815542
0.061943388406725614
0.002111169482152461
0.0
