0.019598510830882522
0.004386950495635388
0.06032866468579808
0.16677652841964855
0.29539699983448975
0.42131818573456353
0.5302311947804995
0.6180613485824864
0.6861869316283209
0.7366672485109701
0.7692156814323918
0.7827274832222522
0.7848379846754098
0.786253568537685
0.7966070515062044
0.8233233069486354
0.871885933899008
0.9468412408970396
1.05304003400201
1.1958431730432157
1.3799676672142924
1.6072690969574057
1.8739694736829182
2.1688299596499263
2.472978795830961
2.76212644464302
3.0104372955523417
3.195296399868079
3.301527034356141
3.3237987346822893
3.266774569792442
3.1430956843141775
2.969954245498302
2.7653454274873415
2.544983950934366
2.3203951022030638
2.09847847189465
1.8819510779908226
1.6708490050050089
1.4640584226906996
1.2674180070230991
1.0949307607389278
0.9526046150708112
0.8397940906212166
0.7524648202481363
0.685262740884674
0.6317238169531365
0.584019812535972
0.5331194941299473
0.47009586117525537
0.38888676369454045
0.2898997448032054
0.1833206010759087
0.09043012442118936
0.04189956994073815
0.047103729228057244
0.14842680721338472
0.38140562127012306
0.758316514696171
1.2794007222182833
1.930256106565178
2.6808803634102674
3.4877399774614815
4.308371450029973
5.10681992188339
5.852905738405921
6.523757487277013
7.103939091689621
7.584788487178543
7.962782815857183
8.238144852485922
8.413143837841286
8.49149429733708
8.477457854162045
8.376102501866205
8.193468926553251
7.936877747710106
7.615194844489718
7.23864850061119
6.818691932777511
6.367120757072593
5.895449752608913
5.41414497394275
4.932174883156977
4.456355024320186
3.991798672074772
3.5419318949026053
3.108968457598107
2.6946640344074257
2.3007672344181986
1.9295075989739159
1.587722387390381
1.2919751216197612
1.0474664342686928
0.8469686302557966
0.676527709784294
0.5210935172866068
0.37057997594632325
0.2257055896903805
0.10080407195444005
0.0
