0.019645899900596793 
0.004397558112952061
0.06047453899845547
0.1671797929635808
0.2961112678285903
0.42233693032429054
0.5315132903065787
0.6195558168402207
0.6878461270957997
0.7384485050511779
0.7710756398683769
0.7846201131057046
0.7867357177374292
0.7881547244721335
0.7985332420940701
0.8253140972656686
0.8739941483271827
0.94913069676235
1.0555862778474623
1.198734713935463
1.3833044199170461
1.6111554630156533
1.8785007194901637
2.1740741761642925
2.4789584422219035
2.7688052481385665
3.017716513044936
3.2030226054536874
3.309510104914135
3.3318356580645285
3.2746736091206956
3.1506956689144285
2.977135575243328
2.7720320144621367
2.5511377053146362
2.326005802230824
2.1035525789763825
1.8865016232645533
1.674889106860872
1.467598506284668
1.2704826153910604
1.097578296084885
0.9549080067368012
0.8418247071843543
0.7542842752124401
0.6869197016650431
0.6332513209691323
0.5854319685844341
0.5344085735447729
0.4712325498619534
0.3898270893200277
0.29060072047095725
0.1837638690782275
0.09064878386462547
0.042000882824050983
0.04721762573414633
0.1487857022526657
0.3823278575426508
0.7601501190189961
1.2824943047124255
1.9349234530788815
2.6873627144181245
3.496173309685714
4.318789063733472
5.119168178716986
5.8670580258149965
6.539531889782939
7.121116369482146
7.60312845563268
7.982036772100917
8.25806463231506
8.433486764060913
8.512026674450127
8.497956291248292
8.396355862380126
8.213280680288646
7.956069065670198
7.633608335314951
7.256151504864523
6.8351794848242236
6.382516412999691
5.909704911163232
5.427236340721949
4.944100849440692
4.467130461328719
4.0014508148925785
3.5504962628251984
3.116485922789626
2.7011797142407064
2.3063304743913284
1.9341731356012077
1.591561489634017
1.2950991089285813
1.0499992011868104
0.8490165948083738
0.6781635493171636
0.5223535179688735
0.37147603587997646
0.2262513443151587
0.10104781553447763
0.0
