-0.5465228888696143
-0.35708863976132166
-0.7552922394031689
-1.070396250395056
-1.1862960958410405
-1.0996148110234092
-0.8557390381996317
-0.5335296109216306
-0.2286390159383151
-0.03671708048043476
-0.0
-0.0
-0.0
-0.0
-0.0
-0.0
-0.0
-0.0
-0.0
-0.0
-0.0
-0.0
-0.0
-0.0
-0.0
-0.0
-0.0
-0.0
-0.0
-0.0
-0.0
-0.0
-0.0
-0.0
-0.0
-0.0
-0.0
-0.0
0.0008782208903318724
0.10536033153729482
0.48611405288091086
1.0978630976235517
1.8504025847839771
2.644060494388121
3.382082223902689
3.9821435415942372
4.383974151563542
4.553255995261635
4.4815763175724515
4.184147972945531
3.6979454059778805
3.08068273291811
2.410252276580331
1.7817474890410434
1.294908875723944
1.0061700281517643
0.8532276964008858
0.705390832392439
0.49814420707035983
0.25741336828013034
0.06358043553027895
0.0005911919476760955
-0.0
-0.0
-0.0
-0.0
-0.0
-0.0
-0.0
-0.0
-0.0
-0.0
-0.0
-0.0
-0.0
-0.0
-0.0
-0.0
-0.0
-0.0
-0.0
-0.0
-0.0
-0.0
-0.0
-0.0
-0.0
-0.0
-0.0
-0.0
-0.05623861876310282
-0.3520643505709124
-0.8309788252932165
-1.36430695861371
-1.8311976706827493
-2.135018571473282
-2.2148546235476423
-2.0515947483103183
-1.6685050140283968
-1.12867350202638
-0.0
