0.019912196256092526
0.004414453573961845
0.0610223914314368
0.16885970618581772
0.29904628563224794
0.4262923134020338
0.5360990003697806
0.6243968933211831
0.6926666368818626
0.7430844424777774
0.7754493320105461
0.7887140136168919
0.7906063124558005
0.791914365691667
0.8023320705764266
0.8293363001131759
0.8784644404864979
0.9543241025702087
1.061833953870256
1.2064119107951154
1.3927831048350807
1.6227106275155099
1.8921826722654118
2.189600425714346
2.4956977652060774
2.7858985039123993
3.0343018550165324
3.218468337584648
3.3235492218791625
3.3445502859558673
3.28635702782421
3.161672739006604
2.9876247822674222
2.7820925252292708
2.5606944210048233
2.3349143387050613
2.111665320740422
1.8937117341158989
1.6811503279527524
1.4729265289976707
1.2749697527121937
1.10140174440958
0.9582835921360681
0.8449773150415132
0.7574364000415371
0.6902843961323187
0.6370102113682767
0.5896809635634697
0.5390658876338864
0.4759435962465516
0.3939647287207077
0.2934878532229211
0.18513587186112848
0.09101809935443313
0.04223124325589076
0.0482065847339355
0.15510945886797262
0.4033647394506164
0.8048227960162705
1.356821125803069
2.0412180979740104
2.823779149313808
3.65684627472948
4.495163341732924
5.301673082911641
6.0465800030610515
6.708585027496355
7.274517372364873
7.7381484268270615
8.098118676074819
8.35628845839233
8.515951432600486
8.58129278898564
8.556613949752704
8.446746180258469
8.257353026694618
7.995344942253352
7.669218277065406
7.288911693402502
6.865681761059491
6.411207330849099
5.936941196926138
5.453310854664195
4.969243386172023
4.491491139564717
4.025082569423588
3.573344035567062
3.13839054864152
2.7218995168587
2.3255758644662716
1.9516491749354021
1.607048954655447
1.3085970869859411
1.0616567062491946
0.8590043037720725
0.686570985951738
0.5291394022240794
0.37650308587651177
0.22942205780696576
0.10250268980296612
0.0
