0.019599003612749175
0.0043870608004270865
0.060330181580232435
0.16678072182238807
0.2954044272500829
0.4213287792926101
0.5302445268300676
0.6180768890195979
0.6862041850043539
0.7366857711561319
0.7692350224702103
0.7827471639986975
0.7848577185179737
0.7862733379734628
0.7966270812683104
0.8233440084600773
0.8719078564614792
0.9468650481239359
1.0530665114746274
1.1958732411354362
1.3800023649037616
1.6073095098782022
1.8740165924759373
2.1688844923685258
2.473040976019978
2.7621958951149357
3.010512989513105
3.195376741897055
3.3016100474314336
3.323882307753674
3.2668567090572074
3.143174713816587
2.9700289215596674
2.7654149588968187
2.5450479416096323
2.320453445851708
2.098531235706515
1.8819983974720538
1.6708910165689808
1.4640952347448744
1.2674498747816707
1.0949582915053548
0.9526285672110799
0.8398152062714469
0.7524837401049571
0.6852799710230021
0.6317397009171984
0.5840344970380638
0.5331328988024663
0.47010768119148066
0.388896541802023
0.28990703399668716
0.18332521046020397
0.09043239818198266
0.04190062345691928
0.047104913596799386
0.14843053923362787
0.3814152112729425
0.7583355816870748
1.2794328912683657
1.930304640620418
2.6809477710434924
3.487827672645673
4.3084797790425045
5.106948326958413
5.853052902945151
6.5239215196068
7.10411771201426
7.5849791979044925
7.96298303081295
8.238351991101359
8.413355376603645
8.491707806131037
8.477671010025874
8.376313109267054
8.19367494184432
7.93707731131299
7.615386319748338
7.238830508047901
6.818863380892437
6.367280850953139
5.895597986868071
5.414281106350475
4.932298896984676
4.456467074208416
3.9918990412313193
3.542020952679819
3.109046629010886
2.694731788615122
2.300825084546849
1.929556114208794
1.587762308831765
1.2920076068385478
1.0474927715995856
0.8469899263015112
0.6765447202903667
0.5211066195798575
0.37058929375082106
0.2257112647961469
0.1008066065561337
0.0
