-0.008283478577758465
-0.003342841610358273
-0.009692146565670334
0.020584421396928947
0.09855430582328902
0.2178932695000548
0.36279009156608943
0.5175871632508615
0.6718953263684229
0.820629492504
0.9607874330084237
1.0881010946043985
1.2002699520175708
1.2997555755177874
1.3938256767130448
1.4934748633279002
1.6114380150866436
1.7593527160142366
1.9453689672040626
2.1721789610099695
2.436239853275927
2.7285009422528534
3.03584998599795
3.3433394725467336
3.636082367371994
3.900859078865846
4.126703635333499
4.3051214960771045
4.4300507556632
4.497771085329615
4.507018621448771
4.4591309122860565
4.357991442060445
4.209590942297188
4.021209978229232
3.800235030968135
3.5531909212346657
3.2847218136283924
2.997714846611854
2.6935627780932894
2.381997396495637
2.087723554393537
1.8297295697922928
1.616050348509198
1.443620702789542
1.301474407858471
1.1749422855136493
1.0502048681717249
0.9176367781908913
0.7734989591625506
0.6201171580324226
0.46424779086611334
0.31383617461266416
0.17404298960632733
0.04521376120955141
0.08510210482169982
0.22648374827337406
0.39041252929031683
0.5785167214595504
0.7875589197556092
1.0121684459571867
1.2520224363581558
1.5172239010003346
1.817712959668641
2.156542344210195
2.531564368474053
2.935676988545788
3.357597942020238
3.7835230311551777
4.19863144192297
4.588719444535249
4.941080275884131
5.245402257748153
5.493698540069159
5.680428879011328
5.802187553128396
5.857419700119493
5.846212417049336
5.770051256309814
5.631942496229818
5.436144759819634
5.1882693706090315
4.895126624724723
4.564635441755119
4.205230690731645
3.825890265220287
3.435539614426627
3.042693086058337
2.6553007758092155
2.2804038925722825
1.9240059880216498
1.5908602595158865
1.2841715364845183
1.0058169965300712
0.7552594382855254
0.5311771533752667
0.3351667019624548
0.1746587316521911
0.06108966092582836
0.0020812848623493
0.0
