-0.00830329919738979
-0.0033508403262872063
-0.009715337831113476
0.020633675581992354
0.09879012552034074
0.21841464220289555
0.3636581718470343
0.518825640322131
0.6735030303747784
0.8225930860446216
0.9630863949816447
1.090704691355949
1.2031419452207306
1.3028656168650492
1.3971608080001308
1.4970484341311565
1.6152938468675373
1.763562476521739
1.9500238254233073
2.177376527775306
2.4420692621419353
2.7350296703508787
3.043114135626042
3.3513393797549966
3.644782746672221
3.9101930130713716
4.136577967996919
4.315422745104255
4.440650934096856
4.508533304249376
4.517802967774815
4.469800673409844
4.368419197733169
4.219663606829082
4.0308318867895085
3.8093281930197316
3.5616929587622934
3.292581461124509
3.004887746883175
2.700007906522914
2.387697014586733
2.0927190371582594
1.8341077272886255
1.6199172166325637
1.4470749830865466
1.3045885620095232
1.1777536749451984
1.0527177872348603
0.9198324897351996
0.7753497792631731
0.6216009677870789
0.4653586380532028
0.31458711848064597
0.1744594378248031
0.045321948217536226
0.08530573623495938
0.22702567618265276
0.39134670424709417
0.5799009901310722
0.7894433823807232
1.0145903518728983
1.2550182623566173
1.520854298248906
1.8220623639478024
2.1617024958448328
2.5376218688283703
2.9427014452886713
3.365631966742932
3.792576204911004
4.208677882678658
4.599699283723757
4.952903240330366
5.25795340060298
5.506843803633214
5.6940209489486975
5.816070965929067
5.871435271815209
5.860201172077086
5.783857773720418
5.645418548465041
5.449152309309129
5.200683806497792
4.906839631762132
4.575557652997361
4.215292922099804
3.8350448148441023
3.443760137155922
3.049973609783621
2.6616543513258275
2.2858604188053353
1.9286097291310176
1.5946668530616193
1.2872442885085698
1.0082237047649922
0.7570666150541496
0.5324481484306728
0.3359686852899056
0.17507665321169683
0.061235835618168886
0.002086264938680026
0.0
