0.019864403991848627
0.0044038582217974815
0.06087592851902986
0.16845441750774381
0.29832852959367334
0.42526914776901026
0.5348122821817393
0.6228982469169952
0.6910041328307255
0.7413009281143348
0.7735881370470892
0.7868209814236142
0.7887087384608564
0.7900136521723284
0.8004063529993607
0.8273457683259081
0.8763559937773231
0.9520335812687022
1.0592853927645975
1.2035163408596763
1.389440216018366
1.6188158780813344
1.887641149416421
2.1843450555488237
2.4897077154127936
2.779211928722838
3.027019074443981
3.210743529769769
3.3155722041460707
3.3365228625120817
3.2784692769476327
3.1540842491659062
2.9804540336860317
2.775415084960669
2.5545483694672337
2.3293101933045697
2.106597006542151
1.889166541288616
1.6771153144527897
1.469391283915694
1.2719096336504425
1.0987582146587416
0.9559835674644075
0.8429492424672381
0.7556184388225351
0.6886276098170823
0.6354812911047242
0.5882656406092476
0.5377720484704246
0.4748012600710507
0.39301915415044725
0.2927834382576802
0.18469151793877778
0.0907996422340141
0.042129881923816885
0.048090881684092604
0.15473717285041802
0.4023966034415814
0.8028911003237396
1.3535645511418863
2.0363188677001047
2.8170016548810115
3.6480692939678665
4.484374273993505
5.288948270557717
6.032067302123315
6.692483414986451
7.25705743715554
7.719575707393348
8.078681973931678
8.336232109963184
8.495511869032477
8.560696396340102
8.536076790031084
8.426472719699111
8.23753413817366
7.9761549125204745
7.650811000352798
7.271417209658904
6.849203092774034
6.395819469513381
5.922691645604185
5.440222088863662
4.957316455061573
4.480710885662512
4.0154217662009115
3.5647674727316123
3.13085793955751
2.715366548858485
2.319994132807726
1.946964923540915
1.6031917955904202
1.305456257267025
1.059108570564471
0.8569425643162873
0.6849231123791399
0.5278693881177643
0.375599421873936
0.22887141038118342
0.10225666793909086
0.0
