0.019863897762108406
0.004403745992706465
0.06087437714072057
0.1684501245706867
0.29832092691029566
0.4252583100972489
0.534798652883685
0.6228823728128514
0.6909865230981205
0.7412820366048579
0.7735684227218159
0.786800929869025
0.7886886387981661
0.7899935192548709
0.8003859552315588
0.8273246840269005
0.8763336604887305
0.952009319392397
1.0592583976546803
1.2034856701300216
1.389404807155362
1.618774623748118
1.8875930442686857
2.184289389120046
2.4896442670409966
2.77914110254888
3.0269419330869924
3.210661706330029
3.315487709224588
3.3364378336784646
3.278385727566988
3.154003869646302
2.980378079004893
2.7753443555464847
2.5544832686790104
2.3292508325457706
2.1065433214652765
1.8891183972673897
1.6770725744012733
1.4693538375584692
1.2718772199679735
1.0987302136129615
0.9559592049256064
0.8429277605251567
0.7555991824418177
0.68861006064842
0.6354650963309448
0.588250649091629
0.5377583437449012
0.4747891601098014
0.3930091383460773
0.29277597688688095
0.1846868112111465
0.09079732827184744
0.04212880827473128
0.048089656123308004
0.15473322948726215
0.40238634865980644
0.8028706392339777
1.3535300565438417
2.036266973609961
2.816929865663649
3.6479763256023547
4.484259993010059
5.288813485597134
6.031913579320225
6.692312861963969
7.256872496378929
7.719378979678458
8.078476094657441
8.336019667212968
8.495295367154633
8.560478233282474
8.535859254386033
8.42625797723326
8.237324210668735
7.9759516460730655
7.650616025055942
7.271231902934041
6.849028545865715
6.395656476753574
5.922540710159336
5.440083448800969
4.957190121494139
4.480596698037825
4.01531943612756
3.564676627251808
3.1307781519433404
2.715297349737122
2.3199350094618834
1.9469153065703848
1.6031509394254662
1.3054229886735016
1.0590815799607376
0.8569207257646804
0.684905657616873
0.5278559357542638
0.3755898499986439
0.22886557776145475
0.10225406200304224
0.0
