-0.5425706968251631
-0.3562172517324467
-0.7514988006279903
-1.0644985002895073
-1.1798395755165823
-1.0939260321861306
-0.8516232471359559
-0.5311778764153302
-0.22772224331459526
-0.03658312178101773
0.0
0.0
0.0
0.0
0.0
0.0
0.0
0.0
0.0
0.0
0.0
0.0
0.0
0.0
0.0
0.0
0.0
0.0
0.0
0.0
0.0
0.0
0.0
0.0
0.0
0.0
0.0
0.0
0.0008761230686359733
0.105114302985638
0.4850027449482263
1.0953796306093406
1.8461694738521623
2.6377358039089818
3.373262983692442
3.970337875793234
4.368722284206166
4.534436549771408
4.459828697586824
4.161199423488557
3.676541139530828
3.063880692767847
2.4000421831832695
1.777194101814901
1.2906933773345708
0.995272180263117
0.8352144523968261
0.6863891580851984
0.4838672536317156
0.25013192156945524
0.061870309095366754
0.0005764317424534839
0.0
0.0
0.0
0.0
0.0
0.0
0.0
0.0
0.0
0.0
0.0
0.0
0.0
0.0
0.0
0.0
0.0
0.0
0.0
0.0
0.0
0.0
0.0
0.0
0.0
0.0
0.0
0.0
-0.05595682196018675
-0.35017957159832286
-0.8262473564921899
-1.3560825352408037
-1.819563619017535
-2.120790422024
-2.1994497002220195
-2.036780872205336
-1.6560639859284851
-1.1200457456903874
0.0
