-0.5465903015833206
-0.3571326860670304
-0.7553854034783364
-1.0705282820399324
-1.1864424235442501
-1.0997504467304442
-0.8558445922248414
-0.5335954209355337
-0.2286672181908418
-0.03672160947287948
-0.0
-0.0
-0.0
-0.0
-0.0
-0.0
-0.0
-0.0
-0.0
-0.0
-0.0
-0.0
-0.0
-0.0
-0.0
-0.0
-0.0
-0.0
-0.0
-0.0
-0.0
-0.0
-0.0
-0.0
-0.0
-0.0
-0.0
-0.0
0.0008783292174571522
0.10537332756364719
0.4861740142624794
1.0979985172595743
1.8506308289476339
2.644386634970264
3.3824993982705593
3.9826347325543483
4.384514907678966
4.553817632018468
4.482129112757066
4.1846640808252715
3.6984015415579843
3.081062730146632
2.410549577297263
1.7819672647097697
1.2950686006377448
1.0062941375960877
0.8533329406561495
0.7054778412098254
0.4982056523519749
0.25744511980244245
0.06358827807408637
0.0005912648702459015
-0.0
-0.0
-0.0
-0.0
-0.0
-0.0
-0.0
-0.0
-0.0
-0.0
-0.0
-0.0
-0.0
-0.0
-0.0
-0.0
-0.0
-0.0
-0.0
-0.0
-0.0
-0.0
-0.0
-0.0
-0.0
-0.0
-0.0
-0.0
-0.05624555570569593
-0.35210777713868213
-0.8310813251862426
-1.364475243668703
-1.831423545951338
-2.1352819225582
-2.215127822280356
-2.051847809201684
-1.6687108214211317
-1.128812722075914
-0.0
