-0.008287325781771401
-0.0033443941698943955
-0.009696648015732818
0.02059398168827964
0.09860007868517118
0.21799446851360504
0.36295858690087685
0.5178275530089642
0.6722073834796491
0.8210106281642244
0.9612336640493071
1.0886064555899246
1.200827409048775
1.300359237954888
1.394473029354392
1.4941684973408789
1.6121864362650198
1.7601698351466877
1.946272480290634
2.173187814420643
2.4373713479314754
2.7297681755384464
3.0372599654092345
3.3448922633114595
3.6377711205381593
3.90267080573413
4.128620254135239
4.307120979813382
4.432108261925191
4.499860043827684
4.509111874900677
4.461201924624513
4.360015480875332
4.211546057532185
4.023077601235667
3.8020000236972167
3.554841176045211
3.28624737982915
2.9991071144229284
2.6948137845915507
2.3831036986194145
2.0886931830780453
1.8305793749649966
1.6168009118537603
1.444291182384401
1.3020788685953046
1.1754879792863073
1.0506926285184712
0.9180629682102545
0.7738582053743633
0.62040516713348
0.4644634075236837
0.3139819336411953
0.1741238226623622
0.04523476042647821
0.08514162990238945
0.22658893707503955
0.3905938536741811
0.5787854095271859
0.7879246960183287
1.0126385405521674
1.2526039294707683
1.5179285650886962
1.8185571838103542
2.157543935302981
2.532740135937681
2.937040443305114
3.3591573550319347
3.785280262112203
4.200581467094228
4.590850643366237
4.943375126252482
5.247838448344437
5.4962500501468075
5.683067114696165
5.804882338782634
5.860140137960139
5.84892764974533
5.772731116484419
5.634558212751405
5.438669539444361
5.1906790262332
4.897400132239394
4.566755454938525
4.207183780878064
3.8276671733444525
3.43713522690601
3.044106243699845
2.6565340117866194
2.281463010299724
1.9248995792211145
1.5915991234987923
1.284767961023077
1.006284141238534
0.7556102132787116
0.5314238549097551
0.3353223678060567
0.17473985068533382
0.06111803359395953
0.0020822515006280644
0.0
