-0.008404109830097647
-0.003359022359480446
-0.009789676905612273
0.020811943539504066
0.09963015612176958
0.22015268533083168
0.36628405635056566
0.5221502861853997
0.6772769923127461
0.8266026685338669
0.9671982141966453
1.0948663206478695
1.2073747044923646
1.3072545317207538
1.4018493399938312
1.5022460048688557
1.6212910862661092
1.7707388573412937
1.9588292706664163
2.188264756967942
2.4553731219705015
2.7508028723396167
3.0610028335489274
3.3705650713448994
3.6642760612751717
3.9288447777137985
4.15351088191813
4.330184273640001
4.453268025238532
4.5194255367272955
4.527597428521852
4.479117033444442
4.377695427134351
4.229070770560013
4.040288097003811
3.818583962546209
3.570442048312149
3.3005552755174614
3.011913806524663
2.7060302931609894
2.3927876926514213
2.097079859841604
1.8380238937790045
1.6237157290971214
1.4510953438821992
1.309150105423914
1.1830920953547261
1.058879229770109
0.926554508530466
0.782008851894338
0.6273224114215499
0.4693264379703254
0.31649378032077313
0.17492587050786434
0.04550695881744331
0.08697095706770537
0.23634469377564654
0.4123039197860068
0.6131243245149572
0.8340305045825753
1.0688337148163107
1.3168863017228842
1.5885290281663762
1.8938279285218185
2.2356471771279143
2.6116208262006166
3.0145623033912665
3.433337692124943
3.854542499775101
4.263928320556764
4.647917173134308
4.994357736824656
5.29334586881214
5.537120801551476
5.72020327900801
5.839123752259116
5.892189868772928
5.879326042607296
5.801866701084911
5.662701727991878
5.466012534885588
5.217364713586392
4.923536698659453
4.592411272359786
4.23236842090663
3.852312846651477
3.4610865604650143
3.0671265413331676
2.678329841359143
2.3017199210422987
1.94332104368658
1.6079385460060662
1.2988461549736263
1.0179954519681338
0.7649042091419094
0.5382971981891396
0.3398585288636111
0.177198388732907
0.06200738920675731
0.002113350772833124
0.0
