0.019884421427042186
0.004408296006419292
0.060937273422933216
0.16862416966275
0.29862915638368337
0.42569769310109173
0.5353512145455639
0.623525943841351
0.6917004603144545
0.7420479398693084
0.7743676847448808
0.7876138639088398
0.7895035232460035
0.7908097519239684
0.801212925515015
0.828179487792494
0.8772391010338572
0.952992949116988
1.0603528386698384
1.2047291288379833
1.3908403601903678
1.620447164977387
1.8895433325573119
2.186546228340505
2.4922166033142195
2.782012551117308
3.0300694130384445
3.213979008194225
3.3189133188230224
3.339885089246877
3.281773002864217
3.1572626318185453
2.9834574485124303
2.7782118812612895
2.5571225975415124
2.331657448015021
2.108719832330164
1.8910702615726782
1.6788053499118432
1.47087199508185
1.2731913418091223
1.0998654374762171
0.9569469157287541
0.8437986856138572
0.7563798783873162
0.6893215424695628
0.6361216680104008
0.588858438124961
0.5383139634019565
0.4752797191004378
0.39341520104172384
0.29307847723813374
0.18487763228143092
0.09089114137764628
0.042172336365514124
0.04813934304784193
0.1548931020859913
0.40280210002405153
0.8037001767286904
1.3549285432704146
2.0383708739412354
2.819840358125764
3.6517454672224776
4.488893194946289
5.294277963776372
6.038145839206684
6.69922745588989
7.264370401440993
7.727354753092778
8.086822892377
8.344632562656763
8.504072828542979
8.56932304254584
8.544678626966228
8.434964108197155
8.245835132546977
7.984192514057409
7.658520751596308
7.278744644341536
6.856105060690786
6.402264561034538
5.928659964423918
5.445704221282389
4.962311961642786
4.48522611500499
4.019468121934148
3.568359702425229
3.1340129169699233
2.718102834021676
2.3223319996887044
1.948926887473843
1.6048073380393277
1.306771770485473
1.0601758382853106
0.8578061085863719
0.6856133119955115
0.5284013241009253
0.37597791483497256
0.22910204496890346
0.10235971237095098
0.0
