0.019608106233663974
0.004389098340303339
0.06035820151346433
0.16685818196865923
0.2955416257817512
0.42152446251376213
0.5304907952126477
0.6183639505319107
0.6865228877654547
0.7370279197388152
0.769592288326293
0.7831107054749242
0.7852222402265621
0.7866385171566666
0.7969970691755895
0.8237264048583551
0.8723128080011988
0.9473048130099827
1.0535556008916767
1.1964286561448545
1.380643297404076
1.608056013601053
1.8748869664483236
2.169891815686181
2.474189562701004
2.7634787777870207
3.01191120133263
3.1968608124006175
3.303143457254895
3.3254260617735536
3.268373977934392
3.144634539451279
2.971408330835393
2.766699336640722
2.54622997142501
2.321531164315632
2.099505883943439
1.8828724785382442
1.6716670502803965
1.4647752235937122
1.2680385330607542
1.0954668372682979
0.9530710089234827
0.8402052526029862
0.7528332259444357
0.6855982445393486
0.6320331080274715
0.584305747798192
0.5333805086693144
0.4703260194343579
0.3890771620960424
0.2900416793022916
0.18341035457915303
0.09047439888035003
0.04192008391006043
0.0471267911462994
0.148499476765223
0.3815923569150287
0.758687785373681
1.280027114976104
1.9312011571852774
2.6821929185894655
3.4894475699499794
4.31048082250992
5.109320213589486
5.8557713126572795
6.526951509582006
7.107417170075672
7.588501988738651
7.966681382898247
8.242178236384992
8.417262900992482
8.495651720760813
8.481608405363394
8.380203429632445
8.197480437183103
7.940763631666979
7.618923232958725
7.242192532530529
6.822030354563848
6.370238090259245
5.898336156348546
5.416795731553388
4.934589668902698
4.458536849345805
3.9937530509768933
3.5436660196761287
3.1104906040939877
2.695983338052178
2.3018936867548647
1.9304522831257713
1.5884997339930598
1.292607670785482
1.0479792723319277
0.8473833048818776
0.6768589367802698
0.5213486439249668
0.3707614113708113
0.22581609482323373
0.10085342548342771
0.0
