-0.5433269735838071
-0.35671377472952387
-0.7525462974434131
-1.0659822801546783
-1.1814841266416547
-1.0954508304081114
-0.85281030510407
-0.531918272984829
-0.22803966008821205
-0.03663411414924484
0.0
0.0
0.0
0.0
0.0
0.0
0.0
0.0
0.0
0.0
0.0
0.0
0.0
0.0
0.0
0.0
0.0
0.0
0.0
0.0
0.0
0.0
0.0
0.0
0.0
0.0
0.0
0.0
0.0008773442763392305
0.10526081938398853
0.48567877906881185
1.0969064549685779
1.8487428068274994
2.64141248290329
3.3779648970288876
3.9758720380268446
4.374811745262321
4.540756996113623
4.46604514976764
4.166999623223809
3.6816657852816923
3.068151365276995
2.4033875465313774
1.7796712916127784
1.292492445012807
0.9966594671602228
0.8363786385250652
0.6873459000741851
0.48454170501719096
0.2504805746758345
0.061956548689751055
0.0005772352173413001
0.0
0.0
0.0
0.0
0.0
0.0
0.0
0.0
0.0
0.0
0.0
0.0
0.0
0.0
0.0
0.0
0.0
0.0
0.0
0.0
0.0
0.0
0.0
0.0
0.0
0.0
0.0
0.0
-0.05603481888147979
-0.35066767881255584
-0.8273990435926238
-1.3579727473554828
-1.8220998667065356
-2.1237465427941054
-2.2025154623426406
-2.039619894004923
-1.658372335256449
-1.121606951577552
0.0
