-0.5473445119789084
-0.35762547414551576
-0.7564277189426402
-1.0720054461183042
-1.1880795312774308
-1.101267932893433
-0.8570255258905026
-0.5343317003981255
-0.22898274371807878
-0.03677227963575456
-0.0
-0.0
-0.0
-0.0
-0.0
-0.0
-0.0
-0.0
-0.0
-0.0
-0.0
-0.0
-0.0
-0.0
-0.0
-0.0
-0.0
-0.0
-0.0
-0.0
-0.0
-0.0
-0.0
-0.0
-0.0
-0.0
-0.0
-0.0
0.0008795411764411221
0.1055187265193842
0.4868448594907231
1.0995135860298368
1.8531844143397356
2.648035481069931
3.387166726252515
3.988130154826608
4.3905648626697555
4.560101198682075
4.488313760310118
4.190438272468737
3.7035047658223395
3.085314121973021
2.4138757642877957
1.784426104963152
1.296855595757803
1.0076826684525548
0.8545104086296502
0.7064512919281349
0.49889309938690407
0.257800354399701
0.06367602009991831
0.0005920807246626257
-0.0
-0.0
-0.0
-0.0
-0.0
-0.0
-0.0
-0.0
-0.0
-0.0
-0.0
-0.0
-0.0
-0.0
-0.0
-0.0
-0.0
-0.0
-0.0
-0.0
-0.0
-0.0
-0.0
-0.0
-0.0
-0.0
-0.0
-0.0
-0.056323165906052526
-0.3525936316171024
-0.8322280893590036
-1.366358009261719
-1.833950628252432
-2.1382282825994214
-2.218184357360251
-2.0546790430223014
-1.6710133852337352
-1.1303703097008597
-0.0
