0.019235887349785118
0.00430578048869677
0.0592124273049533
0.16369072839010815
0.28993138618098024
0.41352270226752597
0.5204205370577298
0.6066256043216712
0.6734906866953368
0.7230369862746877
0.754983188437249
0.7682449867118841
0.7703164383928185
0.7717058302677368
0.7818677468428727
0.8080896819956687
0.8557537738997826
0.9293222125492466
1.0335560514606892
1.173716960597921
1.3544346722023077
1.5775304336462865
1.8392961589662489
2.128700958183282
2.4272222489503172
2.711019913374872
2.9547363669889917
3.136175096537609
3.2404401876836424
3.2622998035625534
3.2063307342030423
3.0849402301420055
2.91500235877099
2.7141793366549636
2.4978951211968146
2.2774617509529076
2.059651156133119
1.8471300828119042
1.6399339478452328
1.4369695297463678
1.2439674737821724
1.0746716906776361
0.9349789492940961
0.8242557132835742
0.7385422618008988
0.6725835958868635
0.620035281453043
0.5732139253295819
0.5232553953486421
0.4613978637049441
0.3816913459803837
0.2845358446815621
0.17992869262466651
0.0887569316568689
0.0411243187984699
0.04623218758835093
0.14568052480528063
0.374348624170264
0.7442856846649708
1.2557284775455761
1.8945413425806965
2.6312770961939767
3.4232077064790936
4.228655360039646
5.01233045615861
5.744611742412551
6.403050987161489
6.972497721211965
7.444450150845637
7.815450600219716
8.0857177221814
8.257478770644225
8.334379542629913
8.32060281020185
8.221122795833134
8.041868417205952
7.790024843285139
7.474293911374281
7.104714655311248
6.692528377468076
6.249312444317568
5.786368581576382
5.313969194539988
4.84091680539048
4.3739008528849626
3.9179400027708278
3.476396932342304
3.0514444459808794
2.644805733387689
2.25819704982923
1.8938066843288406
1.5583453891020866
1.268070217816822
1.0280855778350129
0.8312975052538037
0.6640101856061642
0.5114519303902174
0.3637232814728378
0.22152944858747028
0.09893893414900444
0.0
