-0.008130008235850748
-0.0032809078418250463
-0.009512577434985677
0.0202030480209848
0.09672836242653772
0.21385629949335605
0.35606857730481767
0.5079976800204243
0.659446932315612
0.8054254586416669
0.9429866534856377
1.0679415389960247
1.1780322123785378
1.2756746376969528
1.3680018756182741
1.4658048336713947
1.5815824488753074
1.7267566924562063
1.9093265681405784
2.1319343892757905
2.391102950977986
2.67794923639977
2.979603937799918
3.281396479980416
3.5687156446978263
3.828586763443345
4.050247034169942
4.225359296929142
4.347973956917615
4.414439612952569
4.42351581736408
4.376515337283862
4.277249706524327
4.131598664639766
3.9467078877791453
3.729827005637047
3.4873599517420475
3.223864846947429
2.942175338887815
2.643658381453234
2.3378654594800943
2.04904371177745
1.7958296544320007
1.5861093282967864
1.4168743352143143
1.2773616247464978
1.1531737986893165
1.0307474266297012
0.9006354630098261
0.7591681259728958
0.6086280726955363
0.45564654121896014
0.3080216433660741
0.17081844609229702
0.04437607311431118
0.08352539414375791
0.2222876200456282
0.3831792463412741
0.5677983791341281
0.7729675937139252
0.9934157159282409
1.2288258638578127
1.4891138662303676
1.7840356794304144
2.116587476481919
2.484661362020424
2.8812868737004593
3.295390778771919
3.713424633754115
4.120842214017372
4.50370294627785
4.849535489208434
5.148219211956084
5.391915239084207
5.575185972415879
5.694688789265844
5.748897634705014
5.737897992126549
5.663147890674392
5.52759791051171
5.335427773940134
5.092144841917081
4.804433234293855
4.480065154604139
4.127319196683642
3.7550069181344936
3.3718884038495758
2.9863202538170834
2.606105270067759
2.238154207033109
1.8883593868935928
1.5613859431808386
1.2603793285464593
0.9871819415945039
0.7412665338390726
0.521335884568106
0.3289569740246776
0.17142278011175716
0.059957835562690354
0.0020427243111951457
0.0
