-0.5956384653039161
-0.3910581577262461
-0.8250014143834843
-1.16861499660952
-1.2952373546483287
-1.2009207772923904
-0.9349188352954095
-0.5831313356264326
-0.24999530626545985
-0.04016124468419911
0.0
0.0
0.0
0.0
0.0
0.0
0.0
0.0
0.0
0.0
0.0
0.0
0.0
0.0
0.0
0.0
0.0
0.0
0.0
0.0
0.0
0.0
0.0
0.0
0.0
0.0
0.0
0.0
0.0009618149359582039
0.11539532539854781
0.5324399057294444
1.2025165493070504
2.026739664583449
2.895727534330557
3.703195175172787
4.358668783466491
4.796018384203511
4.977940834858903
4.89603573597524
4.568198122260492
4.0361363685708245
3.3635528132891674
2.6347855699192144
1.9510179476082357
1.4169335479266154
1.092617786917889
0.9169051287441838
0.753523526271194
0.5311933542494454
0.27459683089955006
0.06792172185686333
0.0006328113929420258
0.0
0.0
0.0
0.0
0.0
0.0
0.0
0.0
0.0
0.0
0.0
0.0
0.0
0.0
0.0
0.0
0.0
0.0
0.0
0.0
0.0
0.0
0.0
0.0
0.0
0.0
0.0
0.0
-0.06142984822195517
-0.38442994402040187
-0.9070609788958328
-1.488718290248104
-1.9975315436242431
-2.3282207454205412
-2.414573532295939
-2.2359943874220987
-1.8180403342744358
-1.2295952083976693
0.0
