0.00034330742902214604
7.68462822966532e-05
0.0010567781883195173
0.0029214271271451485
0.005174473990862252
0.007380237426860404
0.009288068355713755
0.0108265905706193
0.012019947503088216
0.012904212024752613
0.01347436344704055
0.013711049896024475
0.01374801958387894
0.013772816389131994
0.013954178516592497
0.014422167592302708
0.015272839908620855
0.01658583322526155
0.018446119189880462
0.0209476040702152
0.024172915792076612
0.028154558587875474
0.032826353370803314
0.037991429239631364
0.04331920928835101
0.048384213296974087
0.052733878460800944
0.05597205836036647
0.05783290209100434
0.058223035823352504
0.05722414261103651
0.05505765758754407
0.0520247362227529
0.048440600271162336
0.04458052474686696
0.0406463982762226
0.03675908109861389
0.03296616726166795
0.029268288858386053
0.02564593490644968
0.02220138158669879
0.01917991972299338
0.016686790343236717
0.014710686574454287
0.013180938342618211
0.012003758438987149
0.011065916248518935
0.010230284436906396
0.009338662741810848
0.008234676751037659
0.006812135686061386
0.005078178486180571
0.003211229913601063
0.0015840659420036777
0.000733955439656259
0.0008251167814831082
0.00259999476603592
0.006681088394048357
0.013283442568256318
0.02241128300124305
0.03381232722309581
0.04696102438701916
0.061094797206392604
0.07546981189262088
0.08945624659901302
0.1025254438309088
0.11427676469131963
0.12443981517487894
0.13286286175921555
0.13948419448614577
0.14430771570472462
0.14737317574208433
0.14874564199956228
0.1484997653990082
0.14672432206483882
0.14352512679256316
0.13903041499131794
0.1333954904086319
0.12679952205470338
0.11944313611048392
0.1115329565723795
0.10327068801105767
0.094839664472291
0.08639698665043759
0.07806204254042284
0.06992440145628626
0.06204407789465681
0.05445985040899635
0.047202473173274334
0.040302576600966034
0.033799215603596895
0.027812158562424184
0.022631548957532707
0.018348486353827003
0.014836363100473003
0.01185074675889682
0.00912800351228095
0.006491455391026359
0.003953688439962072
0.0017657865475733078
0.0
