-7.346422375728569e-05
-2.9362773120699453e-05
-8.557610850465003e-05
0.0001819268557788896
0.0008709134257254161
0.0019244567792284085
0.0032018589021880436
0.004564357943286097
0.005920392464498162
0.00722571749146642
0.008454728396209442
0.009570734556125693
0.010554222546218576
0.011427318462941045
0.012254215576584569
0.01313182941100281
0.014172457707607366
0.015478850022350282
0.017123035604222504
0.01912863765420441
0.02146355581813835
0.024046044353443884
0.026757646155477616
0.029463673321234576
0.03203113737399324
0.03434385529136478
0.036307765959313884
0.037852150057547794
0.038928082244433025
0.03950639575121632
0.03957783004936955
0.0391540404197941
0.03826746709669162
0.036968270007747814
0.035318033057968407
0.033380014342008886
0.031210890725184334
0.028851685209483658
0.02632853619163316
0.02365466646316574
0.020916467539142208
0.01833154815618478
0.016067019747914146
0.014193652635692557
0.012684697748039627
0.011443888552277418
0.010341956991964456
0.009256154695787666
0.008099442905211668
0.0068359022474931445
0.005483716292662646
0.0041026001743555566
0.0027666189953879207
0.0015291082044055597
0.0003977974434728914
0.0007602534925858958
0.002065998638570806
0.0036041398829283556
0.0053596042267189305
0.00729064765308336
0.009343171468724605
0.011511514233929323
0.013886069355283796
0.016554828710170152
0.019542829375536717
0.02282938950393991
0.026351687931717736
0.03001239792765286
0.0336943446016525
0.03727297602710767
0.04062960076861612
0.0436579984935483
0.046271592493764516
0.048402542298947124
0.05000295118957544
0.05104249022855299
0.05150636577710179
0.05139391710342759
0.05071680905596811
0.04950030344988127
0.04778095194387739
0.045607405958642024
0.04303891893608477
0.04014439793371911
0.036997096299625803
0.03367485416908004
0.0302549636620327
0.026811176326784338
0.023412523960213098
0.020120401889617938
0.016987470995958424
0.014055736957257467
0.01135381694008204
0.008898770622850988
0.006686382628181094
0.004705505593711099
0.0029708611042709525
0.0015489733407200747
0.0005420353621482112
1.8473779756783754e-05
0.0
