-3.0338759118704488e-05
-1.9918490728444437e-05
-4.2021327771033185e-05
-5.9523235905444457e-05
-6.597272740633614e-05
-6.116872617407448e-05
-4.7619955714402555e-05
-2.970171027673966e-05
-1.2733474782768832e-05
-2.045607191871961e-06
0.0
0.0
0.0
0.0
0.0
0.0
0.0
0.0
0.0
0.0
0.0
0.0
0.0
0.0
0.0
0.0
0.0
0.0
0.0
0.0
0.0
0.0
0.0
0.0
0.0
0.0
0.0
0.0
4.898990471328831e-08
5.877644216453942e-06
2.7119749623404887e-05
6.125000659094015e-05
0.00010323169180947272
0.00014749346332532305
0.00018862171087589296
0.0002220081643524059
0.0002442845030382426
0.00025355069676181655
0.0002493788723912107
0.00023268051093218754
0.00020558002242825917
0.0001713220762755027
0.00013420242209245386
9.937481710244128e-05
7.217130541732706e-05
5.5652329016730285e-05
4.6702430175460385e-05
3.838061187360367e-05
2.7056256703985278e-05
1.3986549883359771e-05
3.4595830833248808e-06
3.223215681385537e-08
0.0
0.0
0.0
0.0
0.0
0.0
0.0
0.0
0.0
0.0
0.0
0.0
0.0
0.0
0.0
0.0
0.0
0.0
0.0
0.0
0.0
0.0
0.0
0.0
0.0
0.0
0.0
0.0
-3.1289204382620686e-06
-1.9580883621579202e-05
-4.620101982610497e-05
-7.582765088954016e-05
-0.00010174398039103846
-0.0001185875870767408
-0.00012298595379220265
-0.00011389005086526981
-9.260162159187951e-05
-6.262925417695464e-05
0.0
