0.00017381895459871928
3.853496095971094e-05
0.0005326809835193752
0.0014740221131601798
0.002610456027889092
0.00372122107054562
0.004679753383667167
0.00545052960788133
0.006046474691177159
0.006486585372547225
0.006769107259733206
0.006884898258387834
0.006901416647506604
0.006912834998505843
0.007003773966216793
0.007239501200292514
0.0076683540446118425
0.008330553582524103
0.00926903619497426
0.010531096341805558
0.01215798097566055
0.01416508060002053
0.016517375068676936
0.0191136151980286
0.02178562178492746
0.024318862637767846
0.026487242772858573
0.028094881883100796
0.02901216138464212
0.029195485361381078
0.028687500648743303
0.02759909771928092
0.026079785961734776
0.024285639218943618
0.02235299519859066
0.020382099704702096
0.018433298556966765
0.01653072266373628
0.014675216574295883
0.012857574633072442
0.011129556313689608
0.00961443415604659
0.008365117039424124
0.007376035856175825
0.006611867497537061
0.0060256794664132664
0.00556063467759689
0.005147484853761754
0.00470565214621584
0.00415464056719601
0.0034390248275123895
0.0025619349658138214
0.0016161011719527253
0.0007945216427097683
0.0003686479612663092
0.0004208083355277027
0.001353992479888039
0.0035210800672898475
0.007025516183226814
0.01184405911991685
0.017818345667885326
0.02464953305194594
0.03192160163684686
0.03923949838388293
0.046279740368363936
0.05278223464214881
0.05856105581318043
0.06350123254172937
0.06754839359667639
0.07069067140501917
0.07294430536353735
0.07433804671220914
0.07490842911065777
0.07469300083840646
0.0737339353193662
0.07208067118228989
0.06979353164487902
0.06694668364877257
0.06362688446895731
0.05993239575216195
0.05596516535050053
0.05182516780628979
0.047603427551069534
0.04337787150258426
0.03920744273649257
0.03513603599485755
0.03119268797352242
0.027395861173297748
0.023760198144811808
0.020300581633623582
0.017036474277764786
0.014028365615455713
0.011423098422969295
0.009267488952480175
0.007498481240198585
0.0059932641031211695
0.004619001166354983
0.0032865974174106196
0.0020026872845677335
0.0008947737434868311
0.0
