-0.00014509817897275074
-5.855513788128609e-05
-0.0001697732183181814
0.0003605685741642028
0.0017263339514487217
0.003816743934096406
0.006354840076117194
0.009066354689323698
0.011769305298637185
0.014374618568263886
0.0168297057330172
0.019059805114879445
0.021024619388897832
0.022767266836868368
0.024415052878817664
0.02616056539245549
0.02822687586159091
0.030817834906927084
0.034076202638987786
0.038049137048743784
0.04267457963859873
0.04779399310687346
0.05317769587592117
0.058563858721962264
0.06369171177881784
0.06832969307031408
0.07228571632392035
0.07541098627507667
0.07759931909880458
0.07878554737497949
0.07894753254078626
0.0781087038615714
0.07633708668235671
0.0737376181049768
0.07043782870094728
0.0665671043252875
0.06223973749361409
0.05753707806636536
0.05250969882276942
0.047181996112058575
0.04172443754214204
0.03656976753152852
0.03205059638861246
0.02830766814881018
0.02528729121899969
0.022797374893556457
0.020580965403093485
0.01839599299854441
0.01607385402449487
0.013549053016586052
0.01086232909708439
0.008132031538979767
0.005497335087500634
0.0030486371900155483
0.0007919902676672273
0.0014906974552372431
0.0039672197052125465
0.006838690595551648
0.010133631903685315
0.013795335379645318
0.017729725132193015
0.021931145694802374
0.026576567206944384
0.031840106528585745
0.03777523706800024
0.04434433871829801
0.0514230079901363
0.05881361828083866
0.06627436731666402
0.07354564518782314
0.08037865118727601
0.08655080633805026
0.09188148534872795
0.09623078595623025
0.0995016620604097
0.10163445708398441
0.10260193516386559
0.10240562194237973
0.10107153921034653
0.09865234666947455
0.095222640811795
0.09088071281029123
0.08574585573211951
0.07995678193114557
0.07366124142866942
0.06701649617632667
0.06017888948014226
0.05329756355566089
0.04651177685535898
0.03994486724732355
0.033701996398493014
0.02786642404987469
0.022494287838547636
0.017618469487953488
0.013229559069719364
0.009304404779125626
0.005870972883014859
0.0030594228821293995
0.0010700816657147744
3.645698369538817e-05
0.0
