-0.001012095213132915
-0.0006612855752740481
-0.0013987111529719643
-0.0019822462027545814
-0.0021968788945734797
-0.002036355492500441
-0.0015847266452904915
-0.0009880332119214762
-0.00042341219055840105
-6.799565425580862e-05
-0.0
-0.0
-0.0
-0.0
-0.0
-0.0
-0.0
-0.0
-0.0
-0.0
-0.0
-0.0
-0.0
-0.0
-0.0
-0.0
-0.0
-0.0
-0.0
-0.0
-0.0
-0.0
-0.0
-0.0
-0.0
-0.0
-0.0
-0.0
1.6263603543057992e-06
0.00019511476897801652
0.0009002252530996687
0.0020331115281891875
0.0034267249122944456
0.0048964847110776685
0.006263212939376942
0.007374454937819089
0.008118597306094608
0.008432087092462967
0.008299344877734902
0.007748543054101179
0.006848153883468855
0.005705057026278553
0.004463499775124039
0.0032995838626261992
0.0023980168100081085
0.001863306898630479
0.001580075939776019
0.0013062996983142874
0.0009225036639702094
0.00047669885953284346
0.00011774338414663048
1.0948169829140488e-06
-0.0
-0.0
-0.0
-0.0
-0.0
-0.0
-0.0
-0.0
-0.0
-0.0
-0.0
-0.0
-0.0
-0.0
-0.0
-0.0
-0.0
-0.0
-0.0
-0.0
-0.0
-0.0
-0.0
-0.0
-0.0
-0.0
-0.0
-0.0
-0.00010414721506187933
-0.0006519811908784994
-0.0015388736838334405
-0.0025265337832653624
-0.0033911597017125357
-0.003953799776999829
-0.0041016466243789275
-0.003799308805433904
-0.003089872303938002
-0.0020901687227657738
-0.0
