0.01959892445230775
0.004387043081073776
0.060329937906426594
0.16678004819449282
0.2954032341106177
0.42132707754424914
0.5302423851706439
0.6180743926049537
0.6862014134233323
0.7366827956798189
0.7692319155273859
0.7827440024802859
0.7848545484750166
0.7862701622127988
0.7966238636888809
0.8233406829708849
0.8719043348227291
0.9468612237328418
1.0530622581354636
1.1958684109994024
1.379996791069596
1.6073030179497196
1.874009023316614
2.1688757322368084
2.473030987399145
2.762184738596424
3.0105008300410185
3.1953638357596446
3.3015967122173
3.3238688825818135
3.2668435142119807
3.1431620185233977
2.970016925602938
2.765403789376466
2.5450376621524797
2.3204440735324536
2.0985227597318645
1.881990796074168
1.6708842678345226
1.464089321259314
1.2674447555473893
1.094953868965171
0.9526247195411006
0.8398118142550032
0.7524807008205958
0.685277203174915
0.6317371493184459
0.5840321381207813
0.5331307454768924
0.47010578242498435
0.3888949710475905
0.2899058630612055
0.18332447000905983
0.09043203292522362
0.041900454220160276
0.047104723339894766
0.14842993972218224
0.3814136707356254
0.7583325187671156
1.279427723634628
1.930296844113506
2.6809369426864067
3.4878135852980066
4.308462377078124
5.106927699977052
5.8530292624447915
6.523895169465936
7.104089018459074
7.584948562148168
7.962950868298017
8.238318716370141
8.413321395033089
8.49167350809472
8.47763676868429
8.376279277310434
8.19364184756364
7.937045253431058
7.6153555611775126
7.238801270387146
6.818835839480653
6.367255133484433
5.89557417452796
5.414259238050943
4.932278975412911
4.456449074522896
3.991882917937714
3.5420066464453765
3.109034071561135
2.6947209045843836
2.300815791506583
1.929548320725222
1.5877558958544746
1.292002388415477
1.0474885407727637
0.8469865053063602
0.6765419877239844
0.5211045148284749
0.370587796939415
0.2257103531475885
0.10080619939791052
0.0
