-0.5426290122989386
-0.35625553794642995
-0.7515795716848488
-1.0646129125398185
-1.179966384620407
-1.0940436073062234
-0.8517147795637537
-0.5312349673892908
-0.2277467188909325
-0.03658705373328009
0.0
0.0
0.0
0.0
0.0
0.0
0.0
0.0
0.0
0.0
0.0
0.0
0.0
0.0
0.0
0.0
0.0
0.0
0.0
0.0
0.0
0.0
0.0
0.0
0.0
0.0
0.0
0.0
0.0008762172343034777
0.10512560066613458
0.4850548730211589
1.095497361962137
1.8463679000631101
2.6380193076330194
3.3736255418442305
3.9707646075272582
4.369191834278263
4.534923910805175
4.460308039772043
4.161646669013053
3.6769362940050003
3.0642099985251052
2.4003001396077637
1.7773851145559967
1.2908321009999768
0.9953791520717089
0.8353042212081215
0.6864629311606315
0.4839192596620941
0.25015880573699106
0.06187695891336902
0.0005764936973109037
0.0
0.0
0.0
0.0
0.0
0.0
0.0
0.0
0.0
0.0
0.0
0.0
0.0
0.0
0.0
0.0
0.0
0.0
0.0
0.0
0.0
0.0
0.0
0.0
0.0
0.0
0.0
0.0
-0.05596283619686231
-0.35021720888272245
-0.8263361615204203
-1.356228286929915
-1.8197591856324165
-2.1210183644819423
-2.199686096975622
-2.0369997853206794
-1.6562419796102492
-1.120166128156117
0.0
