0.01986415971147303
0.004403804065823764
0.060875179903834065
0.16845234595762848
0.29832486093060695
0.4252639180673192
0.5348057053851125
0.6228905868926734
0.6909956352815829
0.7412918120457517
0.7735786239300204
0.7868113055770622
0.788699039399815
0.7900039370642506
0.8003965100881602
0.8273355941301397
0.8763452168835686
0.9520218737379396
1.0592723663161967
1.2035015407466747
1.3894231295264694
1.6187959708668573
1.8876179363520287
2.1843181937999976
2.489677098499439
2.7791777516624996
3.0269818500018704
3.210704045995892
3.3155314312528246
3.3364818319803637
3.2784289603236507
3.1540454621534506
2.980417381872511
2.775380954591609
2.5545169551828972
2.3292815488625247
2.1065711008916113
1.889143309465881
1.6770946903072526
1.4693732142341227
1.2718939924782653
1.0987447027975512
0.9559718113591137
0.8429388763894214
0.7556091466859011
0.6886191414929763
0.6354734763417673
0.588258406475684
0.5377654352763896
0.47479542125352603
0.3930143210395906
0.29277983778477923
0.18468924671466297
0.09079852563516128
0.04212936383611667
0.04809029029163776
0.1547352699866463
0.4023916550125488
0.8028812268566256
1.3535479058271271
2.036293826287433
2.816967013105572
3.648024432227353
4.484319127882279
5.28888323028414
6.0319931234232245
6.692401114890108
7.256968194270769
7.719480776739801
8.07858262720737
8.336129596043726
8.49540739638728
8.560591122095179
8.535971818543127
8.426369096055442
8.237432837981915
7.976056826611697
7.650716915325853
7.271327790186372
6.849118865434279
6.395740817610061
5.922618811939488
5.440155188316544
4.957255492994646
4.48065578460141
4.015372386982807
3.5647236353863025
3.130819438168103
2.715333156929851
2.3199656029289346
1.946940980948779
1.6031720805114205
1.305440203558845
1.0590955462905223
0.8569320261570975
0.6849146896106936
0.5278628967006319
0.375594802980367
0.22886859585958413
0.10225541044869436
0.0
