-0.546933384325845
-0.35735685042015947
-0.7558595423262773
-1.071200229159902
-1.1871871274281975
-1.100440735962185
-0.8563817871019271
-0.533930347076526
-0.22881074758775047
-0.03674465882163554
-0.0
-0.0
-0.0
-0.0
-0.0
-0.0
-0.0
-0.0
-0.0
-0.0
-0.0
-0.0
-0.0
-0.0
-0.0
-0.0
-0.0
-0.0
-0.0
-0.0
-0.0
-0.0
-0.0
-0.0
-0.0
-0.0
-0.0
-0.0
0.0008788805254402827
0.10543946808993306
0.4864791750267194
1.0986877068436158
1.85179242932429
2.6460464584548604
3.3846225189457426
3.985134545014541
4.387266971509606
4.5566759634554215
4.48494244688301
4.1872907026757415
3.70072294707901
3.082996645637424
2.412062626390112
1.7830857664733295
1.2958814867902748
1.0069257663526037
0.8538685590246402
0.705920654175682
0.4985183651115226
0.25760671245693256
0.06362819104138726
0.0005916359942352126
-0.0
-0.0
-0.0
-0.0
-0.0
-0.0
-0.0
-0.0
-0.0
-0.0
-0.0
-0.0
-0.0
-0.0
-0.0
-0.0
-0.0
-0.0
-0.0
-0.0
-0.0
-0.0
-0.0
-0.0
-0.0
-0.0
-0.0
-0.0
-0.056280859807233095
-0.35232878746670115
-0.831602976703805
-1.365331694848588
-1.8325730903377804
-2.1366221921823265
-2.2165182094242715
-2.053135709063033
-1.6697582345995856
-1.129521253060391
-0.0
