-0.542633886506733
-0.3562587380398371
-0.7515863228075038
-1.0646224755090257
-1.179976983761304
-1.094053434639001
-0.8517224301587619
-0.531239739249165
-0.22774876464374996
-0.03658738237936863
0.0
0.0
0.0
0.0
0.0
0.0
0.0
0.0
0.0
0.0
0.0
0.0
0.0
0.0
0.0
0.0
0.0
0.0
0.0
0.0
0.0
0.0
0.0
0.0
0.0
0.0
0.0
0.0
0.0008762251049937174
0.10512654496511314
0.48505923006471885
1.0955072023533328
1.8463844852080258
2.6380430038490217
3.3736558457010783
3.9708002752326377
4.369231080887615
4.534964646115991
4.46034810483978
4.16168405133164
3.6769693223744078
3.0642375230325123
2.400321700492627
1.7774010800575744
1.2908436960008374
0.995388093143227
0.8353117243939939
0.6864690973679145
0.48392360650490873
0.25016105280814593
0.061877514728021006
0.000576498875710884
0.0
0.0
0.0
0.0
0.0
0.0
0.0
0.0
0.0
0.0
0.0
0.0
0.0
0.0
0.0
0.0
0.0
0.0
0.0
0.0
0.0
0.0
0.0
0.0
0.0
0.0
0.0
0.0
-0.05596333888744109
-0.3502203547363571
-0.826343584149989
-1.3562404693571495
-1.8197755317624302
-2.1210374166962755
-2.1997058558290146
-2.0370180828314717
-1.6562568569341267
-1.1201761901364857
0.0
