-0.5465865859288435
-0.35713025832241063
-0.7553802684601186
-1.0705210047187057
-1.1864343582527694
-1.0997429707604915
-0.855838774297261
-0.5335917936186768
-0.22866566373886824
-0.03672135984383877
-0.0
-0.0
-0.0
-0.0
-0.0
-0.0
-0.0
-0.0
-0.0
-0.0
-0.0
-0.0
-0.0
-0.0
-0.0
-0.0
-0.0
-0.0
-0.0
-0.0
-0.0
-0.0
-0.0
-0.0
-0.0
-0.0
-0.0
-0.0
0.0008783232466818206
0.10537261124856587
0.4861707093105849
1.0979910531990256
1.8506182485840506
2.644368658751127
3.3824764044505145
3.9826076590871984
4.384485102279201
4.553786675719348
4.4820986437877925
4.184635633987153
3.698376400273541
3.081041785456442
2.410533190674041
1.7819551511127558
1.2950597969187068
1.0062872969307726
0.8533271398024714
0.7054730454571536
0.4982022656104661
0.25744336972178933
0.06358784580869596
0.0005912608508991332
-0.0
-0.0
-0.0
-0.0
-0.0
-0.0
-0.0
-0.0
-0.0
-0.0
-0.0
-0.0
-0.0
-0.0
-0.0
-0.0
-0.0
-0.0
-0.0
-0.0
-0.0
-0.0
-0.0
-0.0
-0.0
-0.0
-0.0
-0.0
-0.05624517335524027
-0.35210538355278287
-0.8310756755963435
-1.3644659681317364
-1.8314110961565315
-2.1352674071710585
-2.215112764110487
-2.05183386098951
-1.6686994777276623
-1.1288050485441439
-0.0
