0.01987150053682165
0.004405431497186898
0.06089767640357183
0.1685145977351616
0.298435107260331
0.42542107488618025
0.5350033435100421
0.6231207768969874
0.6912509935926788
0.7415657573725931
0.773864500889035
0.7871020726903183
0.788990504127493
0.7902958840185114
0.800692297630928
0.8276413370454918
0.8766690713670041
0.9523736946256433
1.0596638217590997
1.2039462962634317
1.3899365926015421
1.6193941989655936
1.8883155079481573
2.1851254113515783
2.4905971618205163
2.780204800316158
3.0281004749735314
3.2118905657374826
3.3167566900872383
3.3377148330618676
3.2796405078929998
3.1552110436437113
2.9815187988860727
2.7764066001341074
2.555460980155031
2.3301423378053405
2.107349586906661
1.8898414447655734
1.677714462771503
1.4699162229641323
1.272364022512073
1.0991507452923315
0.9563250919512617
0.84325038551747
0.7558883830018697
0.6888736215677865
0.635708316368794
0.5884757981139168
0.5379641671732445
0.4749708825020446
0.3931595599790758
0.29288803494418564
0.18475749885940976
0.0908320803451657
0.04214493279581401
0.04810806211924704
0.15479245260140284
0.4025403593576656
0.8031779326296181
1.3540481111679012
2.037046341246755
2.8180080268285987
3.649372564270865
4.485976313688445
5.2908377437720855
6.034222254112179
6.694874300187695
7.259650016046692
7.722333520625632
8.081568077636287
8.339210223280764
8.498546884936914
8.563754699373103
8.539126297726279
8.429483071413857
8.240476991707164
7.979004388501315
7.653544247439717
7.274014918569129
6.851649965974819
6.398104371719526
5.92480752321328
5.442165604547933
4.959087453032782
4.482311616614433
4.0168562729276776
3.5660409835149705
3.1319764364518203
2.716336611732766
2.3208229491521464
1.9476604754510793
1.6037645347817122
1.305922630637392
1.0594869363893609
0.8572487064713433
0.6851678007006248
0.5280579691018299
0.37573360451491855
0.22895317453869227
0.10229319906497406
0.0
