-0.5429780716395175
-0.3564847080061523
-0.7520630435666275
-1.0652977507493513
-1.1807254267629912
-1.0947473775276442
-0.8522626658591431
-0.5315766972327103
-0.22789322251995506
-0.036610589247527484
0.0
0.0
0.0
0.0
0.0
0.0
0.0
0.0
0.0
0.0
0.0
0.0
0.0
0.0
0.0
0.0
0.0
0.0
0.0
0.0
0.0
0.0
0.0
0.0
0.0
0.0
0.0
0.0
0.000876780882400203
0.10519322527155482
0.4853668963930824
1.0962020673466675
1.8475556212262776
2.6397162778632923
3.3757957087175767
3.97331889866186
4.372002423439479
4.537841111164907
4.463177241653743
4.164323749687098
3.6793015729138876
3.066181126307156
2.4018441911880184
1.7785284608607055
1.2916624602173328
0.9960194539770116
0.8358415510117784
0.6869045151759671
0.48423055252303915
0.2503197264872475
0.06191676277565084
0.0005768645409356837
0.0
0.0
0.0
0.0
0.0
0.0
0.0
0.0
0.0
0.0
0.0
0.0
0.0
0.0
0.0
0.0
0.0
0.0
0.0
0.0
0.0
0.0
0.0
0.0
0.0
0.0
0.0
0.0
-0.05599883565552891
-0.35044249464006755
-0.826867722401059
-1.35710071383813
-1.8209297900913581
-2.122382761251888
-2.2011010986822614
-2.038310135091362
-1.6573073976401358
-1.120886702325886
0.0
