0.01959876379657903
0.004387007119732771
0.06032944337162825
0.16677868106996924
0.29540081263988155
0.42132362385428446
0.5302380386833108
0.6180693261436769
0.6861957885132327
0.7366767569652121
0.7692256100020782
0.7827375861940788
0.7848481148883092
0.7862637170220849
0.7966173336270865
0.8233339339067474
0.8718971876740609
0.9468534621497591
1.0530536260043646
1.1958586082619194
1.3799854790003356
1.607289842612524
1.873993661744809
2.1688579535921955
2.4730107155420664
2.7621620964966183
3.0104761524518806
3.19533764281688
3.301569648465563
3.323841636261306
3.2668167353381254
3.143136253487771
2.969992579867184
2.7653811208896415
2.545016800044317
2.3204250524563257
2.0985055577825653
1.8819753690744025
1.670870571311002
1.4640773198692538
1.2674343660863607
1.0949448934413928
0.9526169107136733
0.8398049301742153
0.7524745326078524
0.6852715858406924
0.6317319708611848
0.5840273507096472
0.5331263753131725
0.4701019288876386
0.3888917832091271
0.28990348665336024
0.18332296726708974
0.0904312916384124
0.041900110754985266
0.04710433721443741
0.14842872301662927
0.38141054422265724
0.7583263025860205
1.2794172359471663
1.9302810211407966
2.6809149665887273
3.4877849950946627
4.308427059876674
5.106885837618928
5.8529812841648505
6.5238416919836135
7.104030785028727
7.584886387030077
7.962885594630378
8.238251185465307
8.413252429601476
8.491603900397546
8.477567276048644
8.376210615519254
8.193574682882865
7.936980192116411
7.615293136808096
7.238741932697627
6.81877994431919
6.367202940007262
5.895525847500211
5.414214856443793
4.932238544680284
4.456412544249225
3.9918501957920034
3.541977612012219
3.1090085862782053
2.694698815497174
2.3007969313268193
1.9295325038882385
1.5877428807484026
1.2919917976513808
1.047479954330408
0.846979562413403
0.6765364419938321
0.5211002432458108
0.3705847591679925
0.22570850296130002
0.10080537307228919
0.0
