-0.5465816809301334
-0.3571270534807598
-0.7553734897733784
-1.0705113979989611
-1.186423711341289
-1.0997331018065293
-0.8558310941086285
-0.5335870052335852
-0.2286636117221987
-0.036721030311012134
-0.0
-0.0
-0.0
-0.0
-0.0
-0.0
-0.0
-0.0
-0.0
-0.0
-0.0
-0.0
-0.0
-0.0
-0.0
-0.0
-0.0
-0.0
-0.0
-0.0
-0.0
-0.0
-0.0
-0.0
-0.0
-0.0
-0.0
-0.0
0.0008783153647203841
0.10537166564811472
0.48616634647629037
1.0979811999665492
1.8506016413705628
2.644344928522113
3.3824460505361893
3.9825719196710962
4.384445756465885
4.5537458106151805
4.482058422002933
4.184598081597622
3.6983432115127126
3.081014136578163
2.4105115588548647
1.7819391600731975
1.2950481752163145
1.0062782666361763
0.8533194821529284
0.705466714631504
0.49819779480651105
0.25744105945763557
0.06358727517943118
0.0005912555449992344
-0.0
-0.0
-0.0
-0.0
-0.0
-0.0
-0.0
-0.0
-0.0
-0.0
-0.0
-0.0
-0.0
-0.0
-0.0
-0.0
-0.0
-0.0
-0.0
-0.0
-0.0
-0.0
-0.0
-0.0
-0.0
-0.0
-0.0
-0.0
-0.05624466861818697
-0.35210222380372097
-0.8310682176286186
-1.364453723587165
-1.8313946613055938
-2.1352482455521176
-2.2150928859694377
-2.0518154480926327
-1.6686845030301551
-1.1287949187907809
-0.0
