-0.008395616016701425
-0.0033556274836765883
-0.009779782735911185
0.02079090945398984
0.09952946253591184
0.21993018278556742
0.36591386266110304
0.5216225625852441
0.6765924862191136
0.8257672428955439
0.9662206923276279
1.093759767971929
1.206154442543556
1.305933323850048
1.4004325276312797
1.5007277242301522
1.6196524898857545
1.7689492180181816
1.95684953329548
2.186053135168254
2.452891540751581
2.7480227080200397
3.057909158263967
3.367158529624883
3.660572673560598
3.9248739973361895
4.149313037401172
4.325807869959527
4.448767224038353
4.514857871865324
4.523021504543164
4.474590107329595
4.373271005177084
4.224796559645264
4.0362046837861465
3.8147246198827522
3.5668334961735537
3.297219490861987
3.0088697442318897
2.7032953793129675
2.390369364884527
2.0949603962259955
1.8361662512342052
1.6220746821938468
1.4496287598750601
1.3078269817465804
1.181896375202129
1.0578090483031093
0.9256180641888296
0.78121849605696
0.6266883931126982
0.46885210204818445
0.31617390835747705
0.17474907751820773
0.04546096612764758
0.08688305780232711
0.23610582639210426
0.41188721502750264
0.6125046558401782
0.833187571825163
1.0677534726123443
1.3155553592748432
1.586923543538914
1.8919138863026403
2.2333876671588384
2.6089813295248363
3.011515564332171
3.4298677077634006
3.8506468147611277
4.259618880030419
4.643219645145287
4.989310070443782
5.28799602296763
5.5315245787757705
5.714422019573925
5.8332223030215635
5.886234787003145
5.873383961969248
5.796002906571865
5.656978583867348
5.460488179370093
5.212091659902761
4.918560609244476
4.58776984272896
4.228090877143161
3.8484194150894404
3.457588531049992
3.0640266769773516
2.6756229236312756
2.299393633083795
1.941356980073928
1.606313444687964
1.297533445228778
1.0169665906631262
0.764131140518369
0.5377531553284962
0.33951504276173466
0.17701929896868018
0.06194471996471303
0.002111214864632481
0.0
