0.019606000271155395
0.004388626939524457
0.060351718882864704
0.16684026095827234
0.29550988382889765
0.42147918967078946
0.5304338190971295
0.6182975366069282
0.6864491533902085
0.7369487609894575
0.7695096320775572
0.7830265973124032
0.7851379052796233
0.7865540300978352
0.7969114695808531
0.8236379344622189
0.8722191192967669
0.9472030699657192
1.0534424462315726
1.1963001565404583
1.3804950126596232
1.6078833041289617
1.8746855986256468
2.169658763561873
2.4739238281932407
2.7631819728518576
3.011587714097627
3.1965174610878595
3.3027886909047623
3.3250689022127298
3.268022945918379
3.144296797378476
2.9710891937158808
2.766402185809015
2.5459564995866697
2.321281825723916
2.099280391454497
1.8826702530504316
1.6714875088145962
1.4646179028577109
1.267902342366038
1.095349181230473
0.9529686465745202
0.8401150123349853
0.7527523696633587
0.6855246094732291
0.6319652259987951
0.5842429918143277
0.533323222190924
0.47027550517500377
0.3890353741790179
0.290010528058247
0.18339065582161773
0.09046468169044115
0.04191558158209364
0.04712172960419429
0.14848352752836763
0.38155137288589086
0.7586063002974245
1.27988963667596
1.9309937410694584
2.681904843970746
3.4890727940450397
4.310017865460535
5.108771459075117
5.85514238731915
6.5262504977142335
7.1066538146595715
7.587686963539664
7.96582574023137
8.241293004626863
8.416358864677957
8.494739265279579
8.480697458171404
8.379303373603243
8.196600006086944
7.939910772635194
7.618104940437589
7.241414701883789
6.821297650447094
6.369553909827499
5.897702659433549
5.4162139533545375
4.934059680911296
4.45805799068726
3.9933241113284805
3.543285420566176
3.1101565291702036
2.695693782305896
2.3016464572802047
1.9302449474410135
1.5883291249171652
1.2924688413003425
1.0478667165842677
0.8472922936720643
0.6767862403389392
0.5212926497006958
0.37072159061389287
0.22579184157695614
0.10084259355859024
0.0
