-0.008395546257674169
-0.0033555996018262715
-0.009779701475866768
0.020790736702685303
0.09952863554734115
0.2199283553895092
0.36591082228919136
0.5216182284324568
0.6765868644239299
0.8257603816099052
0.966212664016724
1.0937506799410672
1.2061444206273004
1.3059224728728056
1.400420891461799
1.5007152547096299
1.6196390322214258
1.768934519849939
1.9568332738667904
2.186034971290829
2.4528711597184913
2.7479998747472214
3.0578837501500304
3.3671305519633066
3.66054225792601
3.9248413856265056
4.149278560831414
4.325771926897278
4.448730259308973
4.514820357989903
4.52298392283626
4.474552928038328
4.373234667744471
4.2247614558842335
4.036171147031728
3.814692923402327
3.566803859416158
3.2971920943226656
3.0088447435855907
2.7032729176787442
2.390349503347107
2.0949429892365514
1.8361509945608046
1.6220612044035643
1.4496167149349426
1.3078161150349676
1.1818865548457325
1.0578002589861508
0.9256103732444558
0.7812120049260828
0.6266831859697549
0.4688482063642346
0.3161712812739793
0.17474762553116624
0.04546058839327182
0.08688233589251307
0.23610386459290503
0.41188379266380687
0.6124995665496609
0.8331806488841403
1.0677446006673375
1.3155444283482762
1.5869103578188302
1.8918981664231107
2.233369109979611
2.6089596515444105
3.0114905417017988
3.4298392090523553
3.8506148198038113
4.259583486931335
4.643181064714127
4.989268614353306
5.287952085100777
5.531478617434389
5.714374538540892
5.833173834879045
5.886185878380822
5.873335160124205
5.795954747684664
5.656931580130823
5.460442808268916
5.212048352723938
4.91851974101004
4.5877317230292425
4.228055746009703
3.8483874386395485
3.4575598020071086
3.064001218033059
2.675600691927005
2.2993745274621467
1.9413408493725934
1.6063000978575295
1.2975226640459807
1.016958140705437
0.7641247913660313
0.5377486871468947
0.33951222173715767
0.17701782811840822
0.061944205267113736
0.0021111973225849423
0.0
