-0.008286435701047404
-0.003344034973108546
-0.009695606570070691
0.02059176984013779
0.09858948877574393
0.2179710553306952
0.36291960418795793
0.5177719369591758
0.6721351866274539
0.8209224494496948
0.9611304250095782
1.0884895363752565
1.2006984370066758
1.3002195759309199
1.3943232592601227
1.4940080196894707
1.612013283174598
1.7599807882475451
1.946063445474826
2.1729544082973433
2.4371095677974335
2.7294749912111906
3.036933755649885
3.344533013029058
3.6373804142912936
3.9022516485599383
4.128176829392244
4.306658383619994
4.431632241766881
4.499376746948673
4.508627584350517
4.460722779729821
4.359547203672512
4.211093726338415
4.022645512052947
3.8015916788314823
3.55445937669388
3.285894428162453
2.9987850023807514
2.6945243544584074
2.38284774697454
2.0884688519017924
1.8303827658949168
1.6166272631564493
1.4441360616886354
1.3019390218784528
1.1753617287660332
1.050579781349175
0.9179643658175244
0.7737750909548453
0.6203385339764311
0.46441352292436633
0.31394821115046956
0.17410512130293404
0.045229902093480275
0.08513248546598363
0.22656460082345828
0.39055190286046604
0.5787232464422629
0.7878400708204836
1.0125297804926405
1.2524693964933318
1.5177655355431272
1.818361865955423
2.157312209373708
2.532468112943375
2.936724997387696
3.358796572640928
3.7848737129931016
4.200130313526495
4.590357573856
4.9428441946797035
5.247274816605007
5.495659738343837
5.682456738245998
5.804258879054981
5.859510743398597
5.848299459434726
5.772111109883147
5.633953046285709
5.438085411940653
5.190121533567005
4.896874138502675
4.566264973315309
4.206731918204362
3.8272560717589044
3.436766069485178
3.043779298632074
2.65624869300239
2.281217975133797
1.9246928399114458
1.5914281815402544
1.2846299735435178
1.006176063658314
0.7555290587418427
0.5313667785811548
0.3352863532962175
0.17472108316286591
0.061111469355383204
0.0020820278613055566
0.0
