0.01986432476380151
0.004403840657259083
0.060875685718846426
0.16845374563686702
0.2983273397272767
0.4252674516071677
0.5348101491133267
0.6228957625227152
0.6910013767999875
0.7412979714776854
0.7735850516347408
0.7868178432328177
0.7887055927408481
0.7900105012477459
0.8004031606240811
0.8273424685043006
0.8763524984812149
0.9520297841368344
1.059281167864971
1.2035115407031047
1.3894346743149784
1.618809421526146
1.8876336206669058
2.1843363434126304
2.4896977853549744
2.7792008439939067
3.027007001350323
3.2107307239015555
3.3155589801746435
3.3365095549801436
3.2784562009591234
3.154071669280016
2.980442146314394
2.7754040153752335
2.5545381807961487
2.329300902983158
2.1065886044996356
1.889159006455162
1.6771086253736105
1.4693854233320127
1.2719045607111072
1.098753832324007
0.9559797545782441
0.8429458804120601
0.7556154250813075
0.6886248632649713
0.635478756523687
0.5882632943451508
0.5377699035971523
0.4747993663531914
0.3930175866158726
0.2927822705075655
0.18469078130714808
0.09079928008479804
0.04212971389117561
0.04809068987634235
0.15473655568999245
0.4023949985055828
0.8028878980381864
1.3535591525265505
2.0363107459579544
2.8169904194299034
3.648054743850681
4.484356388321405
5.2889271758879275
6.032043243565474
6.692456722396452
7.257028492794119
7.719544918304075
8.078649752567456
8.336198861374873
8.495477985165893
8.560662252488735
8.536042744373615
8.426439111191254
8.237501283236604
7.976123100079614
7.650780485527654
7.271388208024346
6.849175775116501
6.39579396015068
5.922668023284938
5.44020039084684
4.957296683086445
4.480693014601628
4.015405750919255
3.5647532548590095
3.130845452308436
2.7153557187732247
2.319984879642892
1.946957158181896
1.6031854013509974
1.3054510505288865
1.0591043463700895
0.85693914644954
0.6849203806022067
0.5278672827406903
0.3755979238169742
0.22887049754056193
0.10225626009417849
0.0
