-0.008398648842413672
-0.0033568396679038055
-0.009783315576918045
0.0207984199457331
0.0995654164805068
0.2200096301914426
0.36604604509642863
0.5218109931085969
0.6768368979555289
0.826065542403478
0.9665697291289259
1.0941548768883835
1.2065901528236604
1.3064050781745875
1.4009384187737066
1.5012698459303435
1.6202375718745519
1.7695882318393703
1.9575564240784518
2.1868428232797026
2.453777621358334
2.749015401577027
3.0590137949579805
3.3683748793180497
3.6618950159478434
3.9262918157253073
4.150811931972215
4.327370521384765
4.45037429320374
4.516488815564237
4.524655397266311
4.476206504732987
4.3748508021478765
4.226322721824384
4.0376627191846834
3.8161026479975813
3.5681219762942478
3.298410575831918
3.009956665966633
2.704271915604988
2.391232860029751
2.09571717806823
1.8368295464834907
1.6226606391734841
1.4501524226256453
1.3082994201346059
1.1823233225171077
1.0581911704099278
0.9259524337287427
0.7815007028107004
0.6269147775338554
0.46902146981196785
0.3162881227709162
0.17481220373722897
0.0454773884112181
0.08691444336964431
0.23619111707472584
0.4120360048403998
0.612725916539263
0.8334885518468707
1.0681391870351618
1.3160305894558755
1.5874968025489307
1.8925973197836763
2.234194454359313
2.6099237958838524
3.012603441840881
3.4311067104706487
3.85203781938132
4.261157621397108
4.644896958150001
4.991112404880935
5.289906254482841
5.533522782354527
5.71648629288003
5.835329491648421
5.888361125817931
5.875505658562128
5.798096650093286
5.659022106352018
5.462460721815921
5.213974471785688
4.920337386202031
4.589427125090757
4.229618229358937
3.8498096150855305
3.458837547605594
3.065133523559003
2.676589463547218
2.300224264227373
1.9420582743391859
1.6068937080905883
1.2980021651877853
1.01733395887274
0.7644071746492632
0.5379474128544571
0.339637688908168
0.17708324528070876
0.06196709682652676
0.002111977518226071
0.0
