-0.008283445120760761
-0.003342828108609844
-0.009692107419057554
0.020584338256381268
0.09855390776211743
0.2178923894284115
0.36278862625569885
0.5175850727145764
0.6718926125809518
0.820626177978731
0.9607835523847535
1.0880966997604176
1.2002651041231926
1.2997503258006495
1.3938200470464706
1.4934688311779136
1.611431506483076
1.7593456099827587
1.9453611098522858
2.1721701875718593
2.4362300132949297
2.728489921828387
3.0358377241896166
3.3433259687873305
3.636067681223097
3.900843323282916
4.1266869675636855
4.305104107677011
4.430032862673417
4.497752918817073
4.507000417585457
4.459112901841416
4.357973840118426
4.209573939745406
4.021193736548665
3.800219681806081
3.553176569884631
3.284708546626064
2.9977027388315127
2.693551898784228
2.381987775600202
2.087715122071135
1.8297221795083713
1.6160438212764265
1.443614872000666
1.3014691511989764
1.1749375399178361
1.050200626390782
0.9176330718528762
0.7734958349976573
0.620114653377131
0.4642459157677185
0.3138349070272883
0.17404228664611013
0.04521357859101854
0.08510176109401354
0.2264828335047585
0.3904109524128
0.5785143848285881
0.7875557388024956
1.0121643578054456
1.2520173794353435
1.5172177729279088
1.817705617919862
2.1565336339284413
2.5315541434770505
2.9356651313366156
3.357584380670888
3.783507749493018
4.198614483636413
4.588700910682048
4.941060318844423
5.245381071550792
5.493676351002412
5.680405935740088
5.802164118073487
5.857396041981437
5.846188804177631
5.7700279510532395
5.631919748795118
5.436122803212702
5.188248415171727
4.895106853291925
4.564617005177377
4.205213705790759
3.825874812436533
3.435525738270628
3.042680796610656
2.6552900510404474
2.2803946820132763
1.9239982169550545
1.5908538340259502
1.2841663497113744
1.0058129340318565
0.755256387790116
0.5311750079489668
0.3351653482230243
0.1746580262049858
0.061089414184482375
0.0020812764560328365
0.0
