-0.00828337721994715
-0.0033428007068772242
-0.009692027971199042
0.020584169523047466
0.09855309989891164
0.2178906033273043
0.3627856524154012
0.5175808299813924
0.6718871049625113
0.820619451165871
0.9607756766779879
1.088087780446057
1.2002552653452692
1.2997396715253808
1.3938086216656322
1.4934565889589826
1.6114182973039681
1.75933118832644
1.945345163395214
2.1721523819220545
2.4362100431017284
2.728467555930754
3.03581283890959
3.343298562973746
3.636037875755694
3.900811347404394
4.126653140406185
4.305068818003744
4.429996548937831
4.497716049968681
4.506963472933687
4.459076349731765
4.357938117062874
4.209539433149166
4.021160774137199
3.8001885307567083
3.5531474438897885
3.2846816213093817
2.9976781661505125
2.693529819279512
2.3819682500398165
2.087698008713903
1.8297071809633891
1.616030574289388
1.4436030384431597
1.3014584828341942
1.1749279087542435
1.0501920177169544
0.917625549857942
0.7734894945202658
0.6201095701914723
0.4642421102647132
0.313832334468995
0.17404085999177774
0.04521320796759681
0.08510106350035061
0.22648097698630984
0.39040775214758316
0.5785096426474121
0.787549283073665
1.012156060921431
1.2520071164351778
1.5172053360348492
1.8176907178766706
2.156515956454145
2.531533391895659
2.935641067188341
3.3575568579786252
3.7834767354341974
4.198580066876902
4.588663296317414
4.941019816129451
5.24533807426689
5.493631318399549
5.680359372482978
5.802116556743786
5.857348027906428
5.846140881970236
5.769980653149371
5.631873582987707
5.4360782423862
5.188205886213752
4.895066727265404
4.564579588232584
4.205179234936182
3.8258434510877746
3.4354975766797144
3.042655855236839
2.655268285174682
2.280375989228861
1.9239824456132024
1.5908407935255051
1.28415582318062
1.0058046892115358
0.7552501968245763
0.5311706538167598
0.3351626008154493
0.17465659450333224
0.06108891342412696
0.0020812593954544012
0.0
