[-34.71390101  -2.16200322  14.73173962]
[-36.51276689  -3.71241548   1.27935442]
[-34.96222583  -4.37018499 -10.50057192]
[-31.53111613  -3.93448914 -18.95501399]
[-28.00757869  -2.28097277 -23.39267638]
[-25.74341608   0.60620321 -23.97653651]
[-25.22553923   4.60846063 -21.36274264]
[-26.07639002   9.46041542 -16.40192945]
[-27.3709689   14.75594115 -10.04284775]
[-28.10055688  19.97906513  -3.36040527]
[-27.6936915   24.55907524   2.65442287]
[-26.46824567  27.9426319    7.94136386]
[-25.04167234  29.67096597  12.90912113]
[-23.69080681  29.44976089  17.48908663]
[-22.55878011  27.20221102  21.42305079]
[-21.72720301  23.09444039  24.44206563]
[-21.20899943  17.52272135  26.31801688]
[-20.96110416  11.06075846  26.92876318]
[-20.90965242   4.37219044  26.31458475]
[-20.95906729  -1.90322368  24.70242309]
[-20.99494136  -7.25845575  22.47839649]
[-20.88463014 -11.39674759  20.11193987]
[-20.47317776 -14.26325403  18.05172664]
[-19.59768123 -16.0218596   16.62456895]
[-18.12017214 -16.99082066  15.96781132]
[-15.96698198 -17.55981015  16.01083178]
[-13.15871261 -18.10868926  16.50384024]
[ -9.82300554 -18.9406511   17.08086566]
[ -6.17876918 -20.23794635  17.33534705]
[ -2.4909154  -22.04092687  16.88905884]
[  0.98548448 -24.24699376  15.44672647]
[  4.0589299  -26.62842697  12.8342314 ]
[  6.63998622 -28.86782312   9.02276835]
[  8.75319446 -30.60928867   4.14102998]
[ 10.52292906 -31.52105415  -1.5274022 ]
[ 12.13744407 -31.36074972  -7.56579125]
[ 13.80566259 -30.02923551 -13.47149887]
[ 15.71365659 -27.59826269 -18.72388327]
[ 17.98859101 -24.30309578 -22.85712897]
[ 20.83825197 -20.49521509 -25.0818629 ]
[ 24.54705827 -16.56693697 -24.08611913]
[ 28.96266442 -12.8675592  -19.58248937]
[ 33.62525266  -9.62836266 -12.79836219]
[38.31500478 -6.9127734  -5.40661918]
[42.99736969 -4.60584717  0.84067629]
[47.55172701 -2.44306394  4.39212897]
[51.51380165 -0.0662273   4.18530529]
[54.00256021  2.89582289 -0.07594602]
[53.95012213  6.74261845 -7.74628696]
[ 50.57483031  11.63261406 -17.30830991]
[ 43.8445533   17.53795118 -26.76829662]
[ 34.64853204  24.23928241 -34.28239714]
[ 24.53338831  31.36324898 -38.73516834]
[ 15.12693018  38.44708618 -39.98225709]
[  7.56517834  45.01337466 -38.67687784]
[  2.19192433  50.63542172 -35.84206859]
[ -1.39485072  54.96768727 -32.46080236]
[ -4.0628136   57.74525596 -29.26872197]
[ -6.81075815  58.76577402 -26.73965338]
[-10.5014033   57.87088814 -25.14410927]
[-15.71178129  54.94638272 -24.56760515]
[-22.64726555  49.9416385  -24.84050769]
[-30.68228151  42.90388935 -25.54585647]
[-38.60843671  34.01179692 -26.26547133]
[-45.50626903  23.58554728 -26.71777469]
[-50.77260485  12.06694134 -26.7185336 ]
[-5.39586221e+01 -2.24203304e-02 -2.61858970e+01]
[-54.79153896 -12.13239369 -25.13777865]
[-53.16833882 -23.73109207 -23.6752436 ]
[-49.1325324  -34.33472762 -21.95354724]
[-42.84857663 -43.51907221 -20.14597103]
[-34.58346557 -50.92048335 -18.40948448]
[-24.69686443 -56.2382051  -16.85476323]
[-13.63341644 -59.24596496 -15.52238031]
[ -1.91389489 -59.81290801 -14.37453847]
[  9.88589507 -57.93207663 -13.29859446]
[ 21.17190557 -53.74518722 -12.12277478]
[ 31.37806192 -47.55215582 -10.64523514]
[ 40.0155938  -39.79864719  -8.67154037]
[ 46.71625801 -31.0396276   -6.05252858]
[ 51.26248004 -21.8825095   -2.7134056 ]
[ 53.59611557 -12.92091072   1.3248187 ]
[53.80803818 -4.67202287  5.94029146]
[52.11601379  2.47489076 10.92959751]
[48.82966554  8.28721572 16.03801691]
[44.31005725 12.68956354 20.99323283]
[38.93368455 15.74493023 25.54969006]
[33.05790223 17.61633771 29.52023426]
[26.99380672 18.51718597 32.78876248]
[20.98994126 18.66587317 35.31542144]
[15.4917542  18.24827432 37.18689147]
[11.69590614 17.39599043 38.82735604]
[10.00991158 16.1821639  40.72133582]
[ 9.14399477 14.63308512 42.96770982]
[ 7.49712509 12.75196795 45.29395858]
[ 3.79815664 10.54637287 47.03784874]
[-2.54334457  8.05461138 47.14564554]
[-11.15637205   5.36534826  44.39700087]
[-20.67897833   2.62557879  37.89367941]
[-29.14021626   0.0363183   27.62147019]
