0.20943951023931956
0.37908202287466436
0.5404898975661748
0.6862353620832132
0.810422694212543
0.9092673220041395
0.9814649609079873
1.028319895474102
1.0536166976525076
1.0632510896564416
1.064650843716541
1.064650843716541
1.064650843716541
1.064650843716541
1.064650843716541
1.064650843716541
1.064650843716541
1.064650843716541
1.064650843716541
1.064650843716541
1.064650843716541
1.064650843716541
1.064650843716541
1.064650843716541
1.064650843716541
1.064650843716541
1.064650843716541
1.064650843716541
1.064650843716541
1.064650843716541
1.064650843716541
1.064650843716541
1.064650843716541
1.064650843716541
1.064650843716541
1.064650843716541
1.064650843716541
1.064650843716541
1.064650843716541
1.0646354848191235
1.0627329014015245
1.0536166976525076
1.0321037692924255
0.9939711176631527
0.9362830989628345
0.8576200623778989
0.7581863859637543
0.6397963394778489
0.5057328872431841
0.3604928700775232
0.20943951023931956
0.05838611549453087
-0.08685386676454501
-0.22091731899920986
-0.3393073654851152
-0.4387410418992598
-0.5174040784841955
-0.5750920971845136
-0.6132247488137863
-0.6347376771738685
-0.6438538809228853
-0.6457564643404844
-0.6457718232379019
-0.6457718232379019
-0.6457718232379019
-0.6457718232379019
-0.6457718232379019
-0.6457718232379019
-0.6457718232379019
-0.6457718232379019
-0.6457718232379019
-0.6457718232379019
-0.6457718232379019
-0.6457718232379019
-0.6457718232379019
-0.6457718232379019
-0.6457718232379019
-0.6457718232379019
-0.6457718232379019
-0.6457718232379019
-0.6457718232379019
-0.6457718232379019
-0.6457718232379019
-0.6457718232379019
-0.6457718232379019
-0.6457718232379019
-0.6457718232379019
-0.6457718232379019
-0.6457718232379019
-0.6457718232379019
-0.6457718232379019
-0.6443720691778025
-0.6347376771738685
-0.6094408749954628
-0.5625859404293483
-0.4903883015255004
-0.3915436737339039
-0.26735634160457417
-0.12161096435399829
0.0397970848704373
