16.794608750899133
15.979379594459536
14.4288009871868
12.294545880803645
9.785618151368055
7.14756625148093
4.638638522045352
2.5043834156621627
0.953804808389456
0.13857565194984067
0.0
0.0
0.0
0.0
0.0
0.0
0.0
0.0
0.0
0.0
0.0
0.0
0.0
0.0
0.0
0.0
0.0
0.0
0.0
0.0
0.0
0.0
0.0
0.0
0.0
0.0
0.0
0.0
-0.0015205308443264618
-0.18835575834229787
-0.9025041711526723
-2.1297799076481296
-3.7751325112980085
-5.711113851331507
-7.78764062190862
-9.843933965000312
-11.72061460210464
-13.27228177123181
-14.37876169940043
-14.954282623982158
-14.954286079734079
-14.378758243648512
-13.272281771231818
-11.720614602104629
-9.843933965000312
-7.787640621908631
-5.711113851331496
-3.775132511297998
-2.1297799076481403
-0.9025041711526613
-0.18835575834230886
-0.001520530844337453
0.0
0.0
0.0
0.0
0.0
0.0
0.0
0.0
0.0
0.0
0.0
0.0
0.0
0.0
0.0
0.0
0.0
0.0
0.0
0.0
0.0
0.0
0.0
0.0
0.0
0.0
0.0
0.0
0.13857565194984067
0.953804808389467
2.5043834156621627
4.6386385220453406
7.147566251480941
9.78561815136805
12.294545880803645
14.428792347807011
15.979396873219121
16.79460011151934
