0.209444758
0.37908149633508953
0.5404881335619156
0.6862339901273449
0.8104142600056239
0.9092659657566193
0.9814567285697468
1.0283169767523885
1.0536119650694078
1.0632494110356956
1.064650828692995
1.0646508473374363
1.06465084
1.06465084
1.06465084
1.06465084
1.06465084
1.06465084
1.06465084
1.06465084
1.06465084
1.06465084
1.06465084
1.06465084
1.06465084
1.06465084
1.06465084
1.06465084
1.06465084
1.06465084
1.06465084
1.06465084
1.06465084
1.06465084
1.06465084
1.06465084
1.06465084
1.06465084
1.0646508881111307
1.0646353533054336
1.0627306279206767
1.0536146201944394
1.0320990196694215
0.9939666160054589
0.9362780384917649
0.857614290269398
0.7581829425221847
0.6397914723635383
0.5057316917782667
0.3604909624767718
0.20943951
0.05838803137300524
-0.0868528284229789
-0.2209123896639705
-0.33930413988562697
-0.43873513478041576
-0.517399205684954
-0.5750874186872793
-0.6132201061032373
-0.6347354569711623
-0.6438516363996835
-0.6457563147410272
-0.6457718656780377
-0.645771823
-0.645771823
-0.645771823
-0.645771823
-0.645771823
-0.645771823
-0.645771823
-0.645771823
-0.645771823
-0.645771823
-0.645771823
-0.645771823
-0.645771823
-0.645771823
-0.645771823
-0.645771823
-0.645771823
-0.645771823
-0.645771823
-0.645771823
-0.645771823
-0.645771823
-0.645771823
-0.645771823
-0.645771823
-0.645771823
-0.6457718251418897
-0.6457718070215306
-0.6443701312170212
-0.6347332409682471
-0.6094371021765898
-0.5625779786830076
-0.4903856754230304
-0.3915353058304601
-0.2673561985082468
-0.1216057777730892
0.0397977890177995
