8.466592201424495
11.040082016085847
13.361669114305329
15.204094610513067
16.38699849236923
16.794604431209237
16.386994172679334
15.204090290823167
13.361673433995223
11.04008201608585
8.466592201424493
5.8931023867631405
3.571510968853757
1.7290941120258094
0.5461902301696484
0.06928782597492034
0.0
0.0
0.0
0.0
0.0
0.0
0.0
0.0
0.0
0.0
0.0
0.0
0.0
0.0
0.0
0.0
0.0
0.0
0.0
0.0
0.0
0.0
0.0
0.0
0.0
0.0
0.0
-0.0007602654221632309
-0.09493814459331217
-0.5454299647474852
-1.5161420394004008
-2.952456209473069
-4.743123181314758
-6.749377236620063
-8.815787293454466
-10.782274283552475
-12.496448186668225
-13.825521735316121
-14.666522161691294
-14.954284351858117
-14.666522161691297
-13.8255200074401
-12.49644818666823
-10.782274283552535
-8.815787293454463
-6.749377236620063
-4.743123181314758
-2.952456209473069
-1.51614203940039
-0.5454299647474852
-0.09493814459332316
-0.0007602654221687265
0.0
0.0
0.0
0.0
0.0
0.0
0.0
0.0
0.0
0.0
0.0
0.0
0.0
0.0
0.0
0.0
0.0
0.0
0.0
0.0
0.0
0.0
0.0
0.0
0.0
0.0
0.0
0.06928782597492034
0.5461902301696538
1.729094112025815
3.571510968853752
5.8931023867631405
