-0.267525874
-0.12160594969355927
0.03979837799445174
0.20943949574132076
0.3790802111891455
0.5404859616821392
0.6862294948956912
0.8104178066524285
0.909259117674537
0.981461930721249
1.028312823601227
1.0536162062527794
1.0632483570620324
1.064650836939687
1.0646508528931091
1.06465084
1.06465084
1.06465084
1.06465084
1.06465084
1.06465084
1.06465084
1.06465084
1.06465084
1.06465084
1.06465084
1.06465084
1.06465084
1.06465084
1.06465084
1.06465084
1.06465084
1.06465084
1.06465084
1.06465084
1.06465084
1.06465084
1.06465084
1.06465084
1.06465084
1.06465084
1.0646509047359476
1.0646352412082527
1.0627310305505344
1.0536141094241251
1.0320988021457125
0.9939683954725279
0.9362763207930189
0.8576189195611317
0.758180093908415
0.6397957359131476
0.5057294668091882
0.3604917408059083
0.20943952286402212
0.05838755348941958
-0.08685138220365943
-0.22091275066808022
-0.3393044063828033
-0.4387344141056718
-0.5174025003749955
-0.575092097
-0.6132239451687375
-0.6347336604373133
-0.643852904791923
-0.6457561289632202
-0.6457718420917785
-0.6457718202642284
-0.645771823
-0.645771823
-0.645771823
-0.645771823
-0.645771823
-0.645771823
-0.645771823
-0.645771823
-0.645771823
-0.645771823
-0.645771823
-0.645771823
-0.645771823
-0.645771823
-0.645771823
-0.645771823
-0.645771823
-0.645771823
-0.645771823
-0.645771823
-0.645771823
-0.645771823
-0.645771823
-0.645771823
-0.645771823
-0.6457718329887658
-0.645771812380517
-0.6443694728330109
-0.6347362909460367
-0.6094337287055275
-0.5625857967317469
-0.49037949104440964
-0.3915411946444519
