-82.34637943834322
-156.6241017447206
-215.58132387708645
-253.42704337733224
-266.46988887748756
-253.42704337733107
-215.58132387708983
-156.62410174471785
-82.346379438345
-13.997540600994007
0.0
0.0
0.0
0.0
0.0
0.0
0.0
0.0
0.0
0.0
0.0
0.0
0.0
0.0
0.0
0.0
0.0
0.0
0.0
0.0
0.0
0.0
0.0
0.0
0.0
0.0
0.0
-0.1535889741743901
-18.872245201815296
-72.13620331417924
-123.96724611065224
-166.197232691907
-195.55367071045433
-209.75017884617307
-207.70639829209017
-189.56370071760878
-156.73405748759296
-111.76564930996165
-58.13342672542685
-0.00034906585071325935
58.13412485712792
111.76530024411039
156.7340574875951
189.56370071760756
207.70639829208903
209.7501788461753
195.55367071045438
166.1972326919048
123.96724611065446
72.13620331417702
18.872245201815296
0.15358897417550033
0.0
0.0
0.0
0.0
0.0
0.0
0.0
0.0
0.0
0.0
0.0
0.0
0.0
0.0
0.0
0.0
0.0
0.0
0.0
0.0
0.0
0.0
0.0
0.0
0.0
0.0
0.0
13.997540600994007
82.3463794383461
156.62410174471674
215.58132387708866
253.42704337733338
266.46988887748586
253.42704337733278
215.5804512124611
156.62671973859705
82.34376144446678
-1696.4242536888225
0.0
