0.0008552985993772049
-80.70768648752029
-153.50728212000067
-211.29125553193245
-248.3838452141233
-261.1671380888254
-248.3838452141222
-211.29125553193572
-153.50728211999797
-80.70768648752193
-13.718989543034224
0.0
0.0
0.0
0.0
0.0
0.0
0.0
0.0
0.0
0.0
0.0
0.0
0.0
0.0
0.0
0.0
0.0
0.0
0.0
0.0
0.0
0.0
0.0
0.0
0.0
0.0
0.0
-0.1505325535883197
-18.49668752229917
-70.70069286822707
-121.50029791305025
-162.88990776133804
-191.66215266331739
-205.57615028713423
-203.5730409660775
-185.79138307332832
-153.61504974358994
-109.54151288869343
-56.97657153359033
-0.00034211944024054025
56.97725577247135
109.54117076925259
153.61504974359184
185.79138307332724
203.57304096607643
205.5761502871364
191.6621526633163
162.88990776133585
121.50029791305242
70.70069286822489
18.49668752229917
0.15053255358940784
0.0
0.0
0.0
0.0
0.0
0.0
0.0
0.0
0.0
0.0
0.0
0.0
0.0
0.0
0.0
0.0
0.0
0.0
0.0
0.0
0.0
0.0
0.0
0.0
0.0
0.0
0.0
13.718989543034224
80.707686487523
153.50728211999686
211.29125553193464
248.3838452141244
261.16713808882326
248.3838452141233
211.29040023333295
153.5098480157992
80.70512059172175
