[1.85373207]
[2.80894801]
[1.96247537]
[1.5327782]
[1.31039513]
[1.15311988]
[1.03171057]
[0.93492667]
[0.85535709]
[0.78638873]
[0.72171521]
[0.65694574]
[0.5939584]
[0.53629406]
[0.48718125]
[0.44910484]
[0.42359638]
[0.41121135]
[0.41160174]
[0.42361069]
[0.44535799]
[0.47435039]
[0.50765598]
[0.54216019]
[0.57487532]
[0.60323336]
[0.62529509]
[0.63984356]
[0.6463753]
[0.64502682]
[0.63646815]
[0.6217812]
[0.60232259]
[0.57956867]
[0.55494658]
[0.52966612]
[0.50457401]
[0.48005154]
[0.45596779]
[0.43170426]
[0.40805355]
[0.38891413]
[0.37781566]
[0.37724218]
[0.38844567]
[0.41135119]
[0.4445435]
[0.48528042]
[0.52947525]
[0.57149659]
[0.60360026]
[0.61470775]
[0.58803314]
[0.49729156]
[0.30564758]
[0.00759835]
[0.37359027]
[0.67224497]
[0.87253398]
[1.00288201]
[1.08994421]
[1.14795467]
[1.18314312]
[1.20081055]
[1.20570148]
[1.20121457]
[1.18991842]
[1.17383263]
[1.15457163]
[1.13341033]
[1.11132028]
[1.0889969]
[1.0668909]
[1.04524986]
[1.02417024]
[1.00365465]
[0.98366968]
[0.96419705]
[0.94527293]
[0.92700901]
[0.9095968]
[0.89329174]
[0.87838063]
[0.86513919]
[0.85378241]
[0.8444178]
[0.83700828]
[0.83134771]
[0.82705873]
[0.82361547]
[0.82039436]
[0.8181553]
[0.82318938]
[0.84262119]
[0.88246804]
[0.94731135]
[1.04033184]
[1.16401523]
[1.32252062]
[1.53004609]
