[-0.00121824  0.         -0.00416165]
[ 4.05275169e-06  0.00000000e+00 -4.24598166e-03]
[ 0.00117369  0.         -0.00403008]
[ 0.00213884  0.         -0.00356873]
[ 0.0028095   0.         -0.00297267]
[ 0.00317559  0.         -0.00236001]
[ 0.00329521  0.         -0.0018141 ]
[ 0.00326554  0.         -0.00136503]
[ 0.00319102  0.         -0.00099453]
[ 0.00315838  0.         -0.00065337]
[ 0.00320696  0.         -0.00029596]
[3.28269535e-03 0.00000000e+00 3.93474860e-05]
[0.00330686 0.         0.00026981]
[0.0032525  0.         0.00035786]
[0.00311323 0.         0.0002931 ]
[2.89132519e-03 0.00000000e+00 8.07757140e-05]
[ 0.00259761  0.         -0.00025817]
[ 0.00225046  0.         -0.00068893]
[ 0.00187451  0.         -0.00116663]
[ 0.00149737  0.         -0.00164077]
[ 0.00114646  0.         -0.00206052]
[ 0.00084615  0.         -0.00238037]
[ 0.00061444  0.         -0.00256473]
[ 0.00046095  0.         -0.00259158]
[ 0.00038623  0.         -0.00245475]
[ 0.00038201  0.         -0.00216427]
[ 0.00043233  0.         -0.00174472]
[ 0.00051591  0.         -0.00123209]
[ 0.00060887  0.         -0.00066926]
[ 0.00068736  0.         -0.00010066]
[0.0007302  0.         0.00043302]
[0.00072107 0.         0.00089945]
[0.00064992 0.         0.00127804]
[0.0005138  0.         0.00156159]
[0.00031669 0.         0.00175605]
[6.87068340e-05 0.00000000e+00 1.87847939e-03]
[-0.00021566  0.          0.00195367]
[-0.00051985  0.          0.0020098 ]
[-0.00082748  0.          0.0020732 ]
[-0.00114629  0.          0.00211511]
[-0.00151667  0.          0.00201496]
[-0.00194066  0.          0.0017171 ]
[-0.0023729   0.          0.00129105]
[-0.00277599  0.          0.00082984]
[-0.00312492  0.          0.00042326]
[-0.0034016   0.          0.00014379]
[-3.59064263e-03  0.00000000e+00  3.84558985e-05]
[-0.00367708  0.          0.00012667]
[-0.00364688  0.          0.00040409]
[-0.00348873  0.          0.00084972]
[-0.00319599  0.          0.0014311 ]
[-0.00277082  0.          0.00210722]
[-0.00223101  0.          0.00283091]
[-0.00161598  0.          0.00355302]
[-0.00098654 -0.          0.00422918]
[-0.0004152  -0.          0.00482505]
[3.25178812e-05 0.00000000e+00 5.31630810e-03]
[0.00031941 0.         0.00568432]
[0.00045252 0.         0.0059113 ]
[0.00048804 0.         0.00597972]
[0.00052354 0.         0.00587667]
[0.00066967 0.         0.00560109]
[0.00094686 0.         0.00518984]
[0.00127886 0.         0.00470142]
[0.00160587 0.         0.00417224]
[0.00189832 0.         0.00362407]
[0.00213375 0.         0.00307601]
[0.00229758 0.         0.00254323]
[0.00238353 0.         0.00203604]
[0.00239288 0.         0.00155984]
[0.00233279 0.         0.0011157 ]
[0.00221431 0.         0.00070157]
[0.00205011 0.         0.00031382]
[ 1.85228838e-03  0.00000000e+00 -5.15905016e-05]
[ 0.00163086  0.         -0.00039764]
[ 0.00139282  0.         -0.00072541]
[ 0.0011418  0.        -0.001034 ]
[ 0.00087859  0.         -0.00132077]
[ 0.00060221  0.         -0.00158201]
[ 0.00031131  0.         -0.00181381]
[ 5.41744200e-06  0.00000000e+00 -2.01342561e-03]
[-0.00031377  0.         -0.0021799 ]
[-0.00064143  0.         -0.00231442]
[-0.00096988  0.         -0.00242079]
[-0.0012891   0.         -0.00250502]
[-0.00158759  0.         -0.00257409]
[-0.00185429  0.         -0.00263524]
[-0.00208034  0.         -0.00269487]
[-0.0022603   0.         -0.00275691]
[-0.0023935   0.         -0.00282233]
[-0.00250524  0.         -0.00286903]
[-0.00269101  0.         -0.00281037]
[-0.00299898  0.         -0.00261047]
[-0.00336103  0.         -0.0023589 ]
[-0.00369188  0.         -0.00217424]
[-0.00391289  0.         -0.00215565]
[-0.00394678  0.         -0.00235607]
[-0.00372009  0.         -0.0027625 ]
[-0.00318057  0.         -0.00329157]
[-0.00232449  0.         -0.00380731]
