[-0.00144501  0.          0.00497017]
[-0.00205759  0.          0.00071086]
[-0.00143694  0.         -0.00347912]
[ 0.000278    0.         -0.00730879]
[ 0.00281924  0.         -0.01058072]
[ 0.00586877  0.         -0.01322425]
[ 0.00913852  0.         -0.01527701]
[ 0.01242607  0.         -0.01683422]
[ 0.01563678  0.         -0.01799335]
[ 0.01877604  0.         -0.01881328]
[ 0.02192179  0.         -0.01929353]
[ 0.02515774  0.         -0.01940221]
[ 0.02845419  0.         -0.01921523]
[ 0.03173823  0.         -0.0188653 ]
[ 0.0349265   0.         -0.01850311]
[ 0.03793339  0.         -0.01828205]
[ 0.04068009  0.         -0.01834237]
[ 0.04310249  0.         -0.0187958 ]
[ 0.0451584   0.         -0.01971331]
[ 0.04683268  0.         -0.02111734]
[ 0.04813808  0.         -0.02297836]
[ 0.04911407  0.         -0.02521767]
[ 0.04982188  0.         -0.02771518]
[ 0.05033678  0.         -0.03032136]
[ 0.05073916  0.         -0.0328723 ]
[ 0.05110536  0.         -0.03520618]
[ 0.05149933  0.         -0.03717908]
[ 0.05196568  0.         -0.03867809]
[ 0.05252596  0.         -0.03963087]
[ 0.0531773   0.         -0.04000989]
[ 0.05389377  0.         -0.03983119]
[ 0.05463036  0.         -0.0391482 ]
[ 0.05532866  0.         -0.03804132]
[ 0.05592367  0.         -0.03660496]
[ 0.0563511   0.         -0.03493385]
[ 0.05655386  0.         -0.03311051]
[ 0.05648782  0.         -0.03119577]
[ 0.05612471  0.         -0.02922281]
[ 0.05545334  0.         -0.02719636]
[ 0.05447806  0.         -0.02509725]
[ 0.05317229  0.         -0.02298739]
[ 0.05145996  0.         -0.02108758]
[ 0.04931048  0.         -0.01957045]
[ 0.04673801  0.         -0.01851846]
[ 0.04378639  0.         -0.0179191 ]
[ 0.04051957  0.         -0.0176762 ]
[ 0.03701737  0.         -0.01763297]
[ 0.03337437  0.         -0.01759967]
[ 0.02970016  0.         -0.0173809 ]
[ 0.02611727  0.         -0.01679555]
[ 0.02275777  0.         -0.01569001]
[ 0.01975742  0.         -0.01394774]
[ 0.01724397  0.         -0.01149674]
[ 0.01531782  0.         -0.00831437]
[ 0.01402826  0.         -0.00442641]
[ 0.01335464 -0.          0.00010148]
[ 0.01320204 -0.          0.00517519]
[ 0.01341935 -0.          0.01068066]
[ 0.01383765 -0.          0.0164867 ]
[ 0.01431985 -0.          0.02244385]
[ 0.01480883 -0.          0.02838603]
[ 0.01536166 -0.          0.03413814]
[ 0.01614145 -0.          0.03953192]
[ 0.01724586 -0.          0.04446565]
[ 0.01868631 -0.          0.04888751]
[ 0.02044146 -0.          0.05276821]
[ 0.02246387 -0.          0.05609922]
[ 0.02468751 -0.          0.05888932]
[ 0.02703595 -0.          0.06116011]
[ 0.02943062 -0.          0.06294093]
[ 0.03179765 -0.          0.06426411]
[ 0.03407275 -0.          0.06516111]
[ 0.03620401 -0.          0.06566021]
[ 0.03815237 -0.          0.0657856 ]
[ 0.03988997 -0.          0.06555755]
[ 0.04139769 -0.          0.06499432]
[ 0.04266161 -0.          0.06411402]
[ 0.04366983 -0.          0.06293671]
[ 0.04440996 -0.          0.06148575]
[ 0.04486819 -0.          0.0597886 ]
[ 0.04502946 -0.          0.05787634]
[ 0.04487897 -0.          0.05578198]
[ 0.04440508 -0.          0.05353845]
[ 0.04360256 -0.          0.05117639]
[ 0.04247508 -0.          0.04872121]
[ 0.04103732 -0.          0.04619152]
[ 0.03931586 -0.          0.04359891]
[ 0.03734738 -0.          0.04094753]
[ 0.03517609 -0.          0.03823626]
[ 0.03284949 -0.          0.03546142]
[ 0.03041315 -0.          0.03261997]
[ 0.02786418 -0.          0.0297522 ]
[ 0.02505816 -0.          0.02702748]
[ 0.02189636 -0.          0.02455749]
[ 0.01836987 -0.          0.02233339]
[ 0.0145497  -0.          0.02023087]
[ 0.01058341 -0.          0.01804376]
[ 0.00669582 -0.          0.01554241]
[ 0.00318062 -0.          0.01254652]
[ 0.00036664 -0.          0.00899235]
