[-3.74036847e-04 -3.51895051e-05 -3.95758604e-03]
[ 1.44585265e-04 -1.27502973e-05 -3.94840035e-03]
[ 6.84255952e-04 -2.18810015e-05 -3.84076606e-03]
[ 1.21241532e-03 -6.08959200e-05 -3.61637972e-03]
[ 0.00169476 -0.00012694 -0.00327375]
[ 0.00210634 -0.00021602 -0.00282966]
[ 0.00243908 -0.00032344 -0.00231466]
[ 0.00270166 -0.00044458 -0.0017662 ]
[ 0.00291134 -0.00057588 -0.00122236]
[ 0.00308259 -0.00071555 -0.0007173 ]
[ 0.00321801 -0.00086386 -0.00027787]
[ 3.30605493e-03 -1.02265235e-03  7.41836365e-05]
[ 0.00332927 -0.0011943   0.00030866]
[ 0.00327453 -0.0013804   0.00040203]
[ 0.00313601 -0.00158062  0.00034483]
[ 0.00291641 -0.00179237  0.00014307]
[ 0.00262689 -0.00201115 -0.00018192]
[ 0.0022861  -0.00223183 -0.00059552]
[ 0.00191878 -0.00245005 -0.00105374]
[ 0.00155245 -0.00266345 -0.0015076 ]
[ 0.00121406 -0.00287199 -0.0019082 ]
[ 0.00092701 -0.00307742 -0.00221212]
[ 0.00070781 -0.00328184 -0.00238567]
[ 0.00056428 -0.00348612 -0.00240831]
[ 0.00049506 -0.00368858 -0.00227471]
[ 0.00049038 -0.0038846  -0.00199511]
[ 0.00053349 -0.00406725 -0.00159365]
[ 0.00060333 -0.00422863 -0.00110524]
[ 0.00067731 -0.00436154 -0.00057129]
[ 7.33634358e-04 -4.46078738e-03 -3.43330280e-05]
[ 0.00075361 -0.00452382  0.00046704]
[ 0.00072333 -0.00455053  0.00090261]
[ 0.00063471 -0.00454243  0.0012538 ]
[ 0.000486   -0.00450155  0.00151509]
[ 0.00028163 -0.00442963  0.00169367]
[ 3.14837380e-05 -4.32763786e-03  1.80721002e-03]
[-0.00025069 -0.00419588  0.00188056]
[-0.00054931 -0.00403446  0.0019414 ]
[-0.00084887 -0.00384388  0.00201556]
[-0.0011366  -0.00362564  0.00212317]
[-0.00140017 -0.00338248  0.00227803]
[-0.00162265 -0.00311857  0.00249029]
[-0.0017875  -0.00283937  0.0027622 ]
[-0.00187945 -0.00255132  0.00308552]
[-0.00188643 -0.00226131  0.00344091]
[-0.00180389 -0.00197609  0.00379999]
[-0.00164078 -0.00170155  0.00413164]
[-0.00142174 -0.00144217  0.00441084]
[-0.00118342 -0.00120077  0.0046279 ]
[-0.00096468 -0.00097876  0.00479404]
[-0.00079328 -0.00077695  0.00493794]
[-0.00067661 -0.00059673  0.00509393]
[-0.00060148 -0.00044128  0.00528673]
[-0.00054259 -0.0003165   0.00551982]
[-0.00047448 -0.00023103  0.00577325]
[-0.00038054 -0.00019555  0.00601072]
[-0.00025467 -0.00022099  0.00619092]
[-9.64718863e-05 -3.16526660e-04  6.27874109e-03]
[ 9.47208308e-05 -4.87517872e-04  6.25220851e-03]
[ 0.00032318 -0.00073412  0.0061045 ]
[ 0.00059632 -0.00105084  0.00584224]
[ 0.00092051 -0.00142717  0.00548034]
[ 0.0012931  -0.00184898  0.00503591]
[ 0.00168552 -0.00230036  0.00452907]
[ 0.00205993 -0.00276538  0.00398277]
[ 0.002384   -0.00322949  0.0034195 ]
[ 0.00263405 -0.00368026  0.00285942]
[ 0.00279604 -0.00410758  0.00231872]
[ 0.00286558 -0.00450341  0.00180852]
[ 0.00284681 -0.00486133  0.00133458]
[ 0.00275025 -0.00517612  0.00089778]
[ 0.00259034 -0.0054434   0.00049545]
[ 0.00238296 -0.00565957  0.00012284]
[ 0.00214299 -0.0058218  -0.00022542]
[ 0.00188269 -0.00592814 -0.00055374]
[ 0.00161074 -0.00597766 -0.00086461]
[ 0.00133186 -0.00597057 -0.00115835]
[ 0.00104733 -0.00590815 -0.00143327]
[ 0.0007561  -0.00579271 -0.00168622]
[ 0.0004563  -0.00562747 -0.00191348]
[ 0.00014645 -0.00541638 -0.00211206]
[-0.00017301 -0.00516399 -0.00228038]
[-0.00049869 -0.00487542 -0.00241871]
[-0.00082434 -0.00455627 -0.00252973]
[-0.00114126 -0.00421264 -0.00261833]
[-0.001439   -0.00385108 -0.00269043]
[-0.00170727 -0.00347844 -0.00275253]
[-0.0019376  -0.00310174 -0.00281056]
[-0.00212463 -0.00272783 -0.00286835]
[-0.00226747 -0.00236317 -0.00292706]
[-0.00237009 -0.00201359 -0.00298462]
[-0.0024368  -0.00168409 -0.00303927]
[-0.00245829 -0.00137875 -0.00310051]
[-0.00242374 -0.00110077 -0.00317796]
[-0.00232574 -0.00085243 -0.00327621]
[-0.00216049 -0.00063526 -0.00339402]
[-0.00192768 -0.00045013 -0.00352529]
[-0.00162954 -0.00029745 -0.00366093]
[-0.00126908 -0.00017739 -0.00378948]
[-8.49063291e-04 -8.99849034e-05 -3.89556837e-03]
