0.008919382504288184
0.007183051969546564
0.03330424402916954
0.06232283109145077
0.07602709066835187
0.08973135024525297
0.1035710288480372
0.11763712844045258
0.13170322803286796
0.14243263661546215
0.15297667347528845
0.16352071033511478
0.18213187296671873
0.21672850239093439
0.25132513181515004
0.2749745610426725
0.291325856805733
0.3085051802624928
0.3220108599792299
0.3291565844419837
0.3363023089047375
0.34344803336749125
0.35059375783024505
0.3567883093745944
0.36183260529668726
0.36687690121878
0.37022082463562267
0.3719684799863122
0.38510065724783926
0.37639219394692147
0.38433444834935293
0.3922767027517843
0.4002189571542156
0.40647062144500434
0.41159522566136447
0.4167198298777247
0.4218444340940848
0.42513402594563443
0.4279946538677478
0.43085528178986127
0.43342313766234564
0.4355518354603866
0.43768053325842754
0.4398092310564685
0.44193792885450944
0.4440666266525504
0.4461953244505914
0.44679180468654145
0.4466461170408539
0.4465004293951662
0.44635474174947853
0.44620905410379086
0.44606336645810324
0.4459176788124156
0.44577199116672794
0.44558876077426546
0.4442985565243226
0.4426947490630828
0.44109094160184303
0.43948713414060325
0.4378833266793635
0.43644848806379344
0.4354620667694238
0.4344756454750541
0.4333861796925586
0.4317005279430499
0.4300148761935412
0.4283292244440325
0.4266435726945238
0.42402965682230653
0.4207968982016169
0.4175641395809272
0.4143313809602376
0.40978160136994723
0.4050939940037685
0.40040638663758965
0.39571877927141086
0.3910311719052321
0.38558864694203043
0.3794069318317439
0.37322521672145736
0.36704350161117083
0.3596254599660172
0.3514530495877245
0.34328063920943175
0.335108228831139
0.32459260409511287
0.3138905873079033
0.30318857052069387
0.2924865537334843
0.28178453694627487
0.25224452354041
0.19789349019777958
0.14354245685514977
0.08919142351251935
0.034840390169889546
0.2089251649623165
0.15584534717661608
0.10276552939091624
0.13836194764987336
