0.9567163102067057
-0.6258559144404661
-2.0833776367035495
-3.226789751203981
-3.9394597027547964
-4.193720579902895
-4.038483245949707
-3.572143209955713
-2.9152842721539955
-2.2194595450215604
-1.7246958316769243
-1.5499682399710637
-1.5315925911043728
-1.5064129017341794
-1.441908831269796
-1.339134282984635
-1.2030965766969302
-1.042316071867033
-0.8681909129837607
-0.6935137645000492
-0.5309893210088854
-0.39190001798372026
-0.2845819659345246
-0.21349390129174672
-0.17888572570885908
-0.17692920552526956
-0.20023747364078306
-0.23894511924413497
-0.28199964275748507
-0.3183543841835424
-0.3381974716846406
-0.333965859907598
-0.30101498656927367
-0.23797048633322554
-0.14667495394014604
-0.03182197461498738
0.09988511024599299
0.24044840712966425
0.3428341019519963
0.3096746864348314
0.15491064225894638
0.021958750979864026
-0.006406476112274828
0.07838188720643319
0.27798743367278783
0.587140134939091
0.9862608328923077
1.4384776988793788
1.8928769033155508
2.292371495347091
2.583477477030489
2.7268809021754077
2.7067551832263916
2.535688951986081
2.2520546097474927
1.9091333391545595
1.558711207534447
1.2341974817367363
0.9386511803094943
0.6411589090990647
0.2912211521900148
-0.09296365714992194
-0.3981701224173915
-0.5919863229591502
-0.7437670000545357
-0.8792177534978751
-0.9882571764554663
-1.064139602953005
-1.103947588581597
-1.1082748520324142
-1.080444968449591
-1.0255697018540482
-0.9495207789764676
-0.8578982651606152
-0.7553416188239459
-0.6450909899272507
-0.5288334560436942
-0.40692510795194387
-0.27891616612584225
-0.14418714779021166
-0.0025091201519734595
0.14532222234803965
0.29708070346238563
0.44920396760364656
0.5970532304972742
0.7352999325323167
0.8588248802219731
0.9635224505106902
1.0468733858394117
1.1381312680080886
1.4040319231035108
2.0310901554958836
2.899788597623775
3.7460696724819096
4.417730863415541
4.8141370043105995
4.853599465971158
4.476442726872199
3.661099499564674
2.4482233170623102
