[-0.06287827 -0.24993914  4.34294544]
[-0.11089918 -0.29050018  4.50069301]
[-0.16690055 -0.31278589  4.23514311]
[-0.23014048 -0.2995463   3.59446488]
[-0.28746634 -0.2587342   2.69502953]
[-0.33876476 -0.20508201  1.68955295]
[-0.38801798 -0.14730797  0.72460913]
[-0.43567595 -0.08073136 -0.09380068]
[-0.49199922 -0.02273539 -0.67497061]
[-0.5623028   0.01943389 -1.00476434]
[-0.63810877  0.0589405  -1.13228815]
[-0.71246245  0.07854354 -1.08494965]
[-0.73016843  0.06682006 -0.81089976]
[-0.67437683  0.02464417 -0.23704048]
[-0.64516014  0.02286549 -0.1892463 ]
[-0.6259174   0.04678895 -0.36228607]
[-0.61445039  0.08537978 -0.59227849]
[-0.61457996  0.13516327 -0.91410613]
[-0.61814911  0.18472214 -1.26321186]
[-0.61308859  0.23077315 -1.61642279]
[-0.60076748  0.28338782 -1.9798937 ]
[-0.57637077  0.34238551 -2.33257528]
[-0.55426485  0.40055579 -2.65753015]
[-0.54034095  0.45024102 -2.9235819 ]
[-0.51141995  0.48448163 -3.09448089]
[-0.48921093  0.51728459 -3.20327465]
[-0.47097991  0.53964346 -3.26971476]
[-0.45354717  0.55183726 -3.2805023 ]
[-0.44846569  0.55748949 -3.23313254]
[-0.43790465  0.54731446 -3.10897792]
[-0.43716381  0.52776181 -2.95035167]
[-0.42509014  0.51037262 -2.76653962]
[-0.43025473  0.48576362 -2.57465229]
[-0.42877595  0.46446612 -2.37400061]
[-0.42414752  0.44672733 -2.17984982]
[-0.40503801  0.42655024 -1.99350832]
[-0.40164941  0.41120226 -1.80656934]
[-0.38272701  0.39270941 -1.61856916]
[-0.36516682  0.3716029  -1.39476402]
[-0.33984129  0.34442782 -1.14701777]
[-0.30918549  0.3115751  -0.85314003]
[-0.27535009  0.27973379 -0.52779651]
[-0.26809526  0.26335667 -0.43777687]
[-0.29610532  0.27916406 -0.88543517]
[-0.32490083  0.29462994 -1.38626489]
[-0.38006453  0.30986647 -1.94306634]
[-0.48190911  0.31910557 -2.51180706]
[-0.64520503  0.32761588 -3.06596966]
[-0.85713945  0.34079668 -3.62423571]
[-1.06241103  0.35078799 -4.16435977]
[-1.23455876  0.35130542 -4.58184814]
[-1.31320193  0.3347503  -4.71082585]
[-1.2467013   0.28575529 -4.40213707]
[-1.04589737  0.19813229 -3.62697969]
[-0.72851742  0.08798422 -2.4619528 ]
[-0.39715533 -0.03139082 -1.07049045]
[-0.1258991  -0.13631448  0.33944862]
[ 0.02967505 -0.20286518  1.56475648]
[ 0.0596976  -0.22195516  2.50106817]
[-0.01551733 -0.19914523  3.15832307]
[-0.1332092  -0.15242056  3.62207002]
[-0.23075589 -0.09838532  4.02171004]
[-0.25799242 -0.04828697  4.3619837 ]
[-0.23380557  0.0050417   4.48148543]
[-0.18071402  0.05523241  4.33428209]
[-0.11148776  0.08700938  4.45502703]
[-0.06215272  0.1170947   4.55612184]
[-0.02949832  0.1396098   4.63234404]
[-0.0188943   0.15615601  4.69860906]
[-0.00559344  0.16573406  4.73454673]
[-1.10866544e-03  1.75288161e-01  4.76673094e+00]
[0.01100444 0.1782225  4.77787592]
[0.02503557 0.18177249 4.78464646]
[0.02936083 0.19511899 4.76510607]
[0.04398974 0.20539828 4.71047453]
[0.05410239 0.21527812 4.62934507]
[0.05446371 0.22384168 4.51168835]
[0.051336   0.22445417 4.35485792]
[0.04929029 0.22673963 4.16821298]
[0.04631865 0.226957   3.94678345]
[0.04082681 0.22402843 3.69567142]
[0.03780575 0.2232923  3.42140382]
[0.03424711 0.21970093 3.13186182]
[0.02916951 0.21722676 2.83146298]
[0.02304365 0.21458491 2.52478062]
[0.02341116 0.20887047 2.20863203]
[0.01937076 0.20034394 1.89556184]
[0.01357146 0.19074862 1.57543565]
[0.00732042 0.18188144 1.26201528]
[-3.23617188e-04  1.75054450e-01  9.46136843e-01]
[-0.00933721  0.1658055   0.64104272]
[-0.01848003  0.16024689  0.34603272]
[-0.02867218  0.15488351  0.07111602]
[-0.03782896  0.15302254 -0.17730104]
[-0.0414136   0.15381958 -0.39438155]
[0.01938818 0.12165413 0.06291592]
[0.14560943 0.06692828 0.96263498]
[0.28387985 0.0136352  1.77567829]
[ 0.3947654  -0.0404509   2.46322077]
[ 0.45095104 -0.09378546  2.97080802]
