[ 2.58946306e-02 -4.83463669e-15 -5.48190032e+01]
[ 2.34840075e-03  2.74403980e-15 -5.12646574e+01]
[ 1.97728999e-03  3.74128776e-15 -4.27605273e+01]
[ 3.02955654e-03 -6.85466777e-16 -3.15609657e+01]
[ 7.12846610e-03 -4.45287703e-16 -2.01567957e+01]
[ 1.37705782e-02  1.89910671e-16 -1.05937358e+01]
[ 2.09903006e-02  2.58061636e-16 -4.08872411e+00]
[ 2.67787908e-02 -1.37904805e-17 -8.05631517e-01]
[2.98116113e-02 6.44174400e-17 3.09887255e-03]
[ 2.91935502e-02  4.90596356e-17 -4.69138200e-01]
[ 2.37313042e-02 -5.04291265e-17 -1.19329001e+00]
[ 1.15779522e-02 -7.49584963e-17 -1.80229232e+00]
[-8.18558542e-03 -3.26740523e-17 -2.34788453e+00]
[-3.50449428e-02  1.23564753e-16 -2.84281626e+00]
[-6.70245938e-02  9.72760310e-17 -3.27090904e+00]
[-1.00842521e-01 -9.24665708e-17 -3.61805421e+00]
[-1.32406572e-01  2.02827523e-16 -3.87615524e+00]
[-1.57526180e-01 -9.02256394e-17 -4.04744378e+00]
[-1.72684004e-01  5.73468010e-18 -4.14750490e+00]
[-1.75698438e-01  2.30723547e-17 -4.20544088e+00]
[-1.66121007e-01 -3.27399751e-17 -4.25972748e+00]
[-1.45293853e-01 -1.84900802e-16 -4.35054763e+00]
[-1.16045501e-01  9.13942048e-17 -4.51018654e+00]
[-8.21159387e-02  1.08143785e-16 -4.75413334e+00]
[-4.74803963e-02  3.15846909e-16 -5.07569260e+00]
[-1.57630696e-02 -6.79950244e-17 -5.44570693e+00]
[ 1.01277143e-02 -9.35255090e-17 -5.81740342e+00]
[ 2.81240225e-02  1.41843616e-16 -6.13500134e+00]
[ 3.69655912e-02  1.35832457e-17 -6.34371226e+00]
[ 3.61230696e-02 -3.16913419e-17 -6.39840341e+00]
[ 2.57480219e-02 -6.31510043e-17 -6.26960741e+00]
[ 6.66239481e-03 -3.65235866e-17 -5.94653308e+00]
[-1.96570943e-02 -3.37374347e-17 -5.43753770e+00]
[-5.11630645e-02 -3.29139082e-17 -4.76885007e+00]
[-8.54369253e-02 -5.90859293e-18 -3.98192230e+00]
[-1.20000775e-01  1.24096258e-16 -3.12938448e+00]
[-1.52682175e-01 -1.14446750e-16 -2.26928853e+00]
[-1.81927832e-01 -1.36996967e-16 -1.45800600e+00]
[-2.06977332e-01  6.76927228e-17 -7.43787311e-01]
[-2.27827368e-01 -7.44239154e-17 -2.39043994e-01]
[-2.42666249e-01 -2.08062349e-16 -1.22005428e-01]
[-2.46441350e-01 -3.46429493e-16 -1.83720580e-01]
[-2.36398409e-01 -1.30747318e-16  3.07115445e-01]
[-2.12888740e-01 -3.18898505e-17  2.20253959e+00]
[-1.78886895e-01 -9.37933368e-17  6.14280109e+00]
[-1.39049134e-01 -2.34465267e-16  1.22999828e+01]
[-9.85883071e-02 -2.30289912e-17  2.02503612e+01]
[-6.22169675e-02  1.68497139e-15  2.90063017e+01]
[-3.33387820e-02  1.47622147e-17  3.72078902e+01]
[-1.36268608e-02 -2.56782340e-15  4.34330722e+01]
[-3.05832429e-03  2.05461247e-15  4.65493782e+01]
[-3.66118244e-04 -2.35633757e-15  4.60073823e+01]
[-4.59594081e-01 -2.59618748e-15  4.26658243e+01]
[-2.61897536e-01 -2.20262397e-15  3.57742182e+01]
[-1.00566216e-01 -1.03939234e-15  2.75097106e+01]
[-4.01998027e-02 -1.47949993e-15  1.92219679e+01]
[-1.77374613e-02 -9.15497322e-17  1.23588130e+01]
[ 4.79392345e-03 -2.23961701e-17  7.47992464e+00]
[ 2.66365066e-02 -1.94883949e-16  4.80716596e+00]
[ 4.85945952e-02 -2.26900371e-16  4.01195064e+00]
[7.16455312e-02 1.04492824e-16 4.41824832e+00]
[ 9.62303848e-02 -5.80329037e-16  5.31398706e+00]
[ 1.22575700e-01 -5.42943615e-16  6.30100946e+00]
[1.50616151e-01 2.64433683e-17 7.29970739e+00]
[1.79917729e-01 2.04400270e-16 8.27172453e+00]
[ 2.09874336e-01 -6.66629551e-16  9.16763908e+00]
[ 2.39794324e-01 -7.04295880e-16  9.95461720e+00]
[ 2.68921927e-01 -5.99379268e-16  1.06164879e+01]
[ 2.96451126e-01 -1.29847188e-15  1.11511259e+01]
[ 3.21561546e-01 -4.28452539e-16  1.15660892e+01]
[3.43475685e-01 4.43913448e-16 1.18735980e+01]
[ 3.61517406e-01 -7.75499493e-17  1.20860177e+01]
[ 3.75157623e-01 -2.12502378e-17  1.22123664e+01]
[ 3.84033315e-01 -1.68161644e-16  1.22558263e+01]
[ 3.87944395e-01 -1.53656646e-16  1.22130260e+01]
[3.86850342e-01 1.05255953e-17 1.20748495e+01]
[ 3.80861813e-01 -1.07875763e-18  1.18282293e+01]
[3.70242586e-01 1.92270256e-16 1.14591862e+01]
[3.55413206e-01 3.42131468e-16 1.09563921e+01]
[3.36954812e-01 1.74816684e-16 1.03146587e+01]
[ 3.15594370e-01 -6.55784499e-16  9.53727979e+00]
[ 2.92164312e-01 -2.06070503e-17  8.63746520e+00]
[ 2.67541136e-01 -4.88932883e-17  7.63833478e+00]
[2.42564961e-01 3.72507583e-16 6.57063675e+00]
[ 2.17948869e-01 -1.96898895e-16  5.46931544e+00]
[ 1.94216596e-01 -1.94395840e-16  4.37014295e+00]
[1.71680016e-01 3.17195415e-16 3.30552807e+00]
[ 1.50452188e-01 -1.38507676e-16  2.30135935e+00]
[ 1.30510121e-01 -1.83055294e-16  1.37605071e+00]
[1.11774641e-01 3.60257431e-17 5.40248649e-01]
[ 9.41841026e-02 -1.20180733e-16 -1.86222980e-01]
[ 7.81295352e-02  1.60479845e-16 -7.90884794e-01]
[ 6.50223857e-02 -2.54151660e-16 -1.64827678e+00]
[ 5.50722659e-02  3.60362682e-17 -3.71586271e+00]
[ 4.69707391e-02 -1.58036096e-16 -8.07156535e+00]
[ 3.87613815e-02  1.46789278e-15 -1.53229694e+01]
[ 2.91943123e-02  4.30275867e-16 -2.51358086e+01]
[ 1.88314071e-02 -1.64901857e-15 -3.61172889e+01]
[ 9.91519497e-03  2.48506532e-16 -4.61269030e+01]
[-1.78132972e-02 -2.21037502e-15 -5.29107329e+01]
