[-13.31800234  51.33201407  13.88448494]
[-9.31340461 45.91771896 20.80597706]
[-5.24039132 35.56515393 23.15428308]
[-2.22583464 23.80230971 20.60558855]
[-0.58500459 13.58903523 14.87589849]
[3.64189961e-03 6.36981466e+00 8.46480215e+00]
[0.07450814 2.20953759 3.43954904]
[0.02796509 0.38441789 0.70795486]
[ 0.01303226 -0.02510535  0.00991043]
[0.01418515 0.19469436 0.42759303]
[-0.00679327  0.52579099  1.07144851]
[-0.05347356  0.79960914  1.61435976]
[-0.12228907  1.04044632  2.10122479]
[-0.2100245   1.25391808  2.542914  ]
[-0.31127766  1.43206647  2.92500087]
[-0.41942581  1.56750804  3.23534944]
[-0.52754949  1.65529763  3.46753403]
[-0.62968672  1.694911    3.62455335]
[-0.72221912  1.69152859  3.7213905 ]
[-0.80509885  1.65586209  3.78504154]
[-0.88242727  1.60192121  3.85072005]
[-0.96202311  1.54319475  3.9549256 ]
[-1.05367071  1.4882572   4.12675632]
[-1.16612864  1.43744087  4.37977563]
[-1.30359375  1.38215897  4.70692996]
[-1.46276542  1.30752862  5.08002546]
[-1.63172152  1.19760753  5.4539441 ]
[-1.79132564  1.04145361  5.77456139]
[-1.9189395   0.83779416  5.98830726]
[-1.99322502  0.59665548  6.05077906]
[-1.99863597  0.33767844  5.93296448]
[-1.92844178  0.08594641  5.62450225]
[-1.78576291 -0.13324696  5.13424763]
[-1.58275078 -0.29929507  4.48886078]
[-1.33836331 -0.39986608  3.72986534]
[-1.07527819 -0.4326636   2.90929999]
[-0.81641233 -0.40518447  2.08381351]
[-0.58160355 -0.33262654  1.30766055]
[-0.38528964 -0.23464683  0.62653965]
[-0.25573629 -0.15018946  0.14522195]
[-0.22958075 -0.14224217  0.02884572]
[-0.23985843 -0.17446616  0.08072226]
[-0.10034703 -0.0301315  -0.3731309 ]
[ 0.44140809  0.6452578  -2.07009747]
[ 1.70852406  2.31442252 -5.43050639]
[  4.04882178   5.47395401 -10.24459769]
[  7.67427156  10.46726015 -15.54441598]
[ 12.42631539  17.19131824 -19.78420255]
[ 17.61924273  24.84468237 -21.37129491]
[ 22.13321383  31.94826536 -19.38713821]
[ 24.79999696  36.77220018 -14.12834266]
[24.90695539 38.02694291 -7.09044511]
[22.88626733 36.00258342 -0.78520554]
[18.65870382 30.22149782  4.28685387]
[13.76756038 22.88468101  6.59848059]
[ 9.20602982 15.59199694  6.45169062]
[5.70699954 9.73667247 5.03665945]
[3.38007348 5.72160958 3.43330492]
[2.16630823 3.57471214 2.37446749]
[1.84048467 2.90565185 2.06589274]
[2.10667346 3.12334168 2.30926719]
[2.67211843 3.66233077 2.77395659]
[3.36275856 4.20916408 3.26994459]
[4.1435402  4.68848819 3.76265417]
[4.99347625 5.06033918 4.23225228]
[5.87443219 5.28365526 4.6544266 ]
[6.74799716 5.33600665 5.01432671]
[7.57971077 5.21286031 5.3062422 ]
[8.34189184 4.92412055 5.53185054]
[9.01447417 4.48930256 5.69765199]
[9.58391806 3.93279161 5.81222583]
[10.04100906  3.28032478  5.88388694]
[10.37832577  2.55712403  5.91896165]
[10.58791551  1.78752391  5.92060501]
[10.66034416  0.99585691  5.88844931]
[10.58529718  0.20771067  5.81893313]
[10.3533321  -0.5492146   5.70604424]
[ 9.9588501  -1.24520806  5.54263382]
[ 9.40332071 -1.85000765  5.32201818]
[ 8.69787295 -2.33550675  5.03965651]
[ 7.86410549 -2.6790747   4.69443386]
[ 6.93337972 -2.86677282  4.2896415 ]
[ 5.94440726 -2.89570319  3.83336168]
[ 4.93895502 -2.77454274  3.33777486]
[ 3.95717783 -2.52221823  2.81781331]
[ 3.03388868 -2.16532947  2.28970244]
[ 2.1952484  -1.73426637  1.76895293]
[ 1.4572516  -1.25925142  1.2686979 ]
[ 0.82641106 -0.76755348  0.79903371]
[ 0.3011477  -0.2814793   0.36666285]
[-0.1170387   0.17196906 -0.01668019]
[-0.43315271  0.57227645 -0.34129367]
[-0.85282512  1.17324857 -0.78563438]
[-1.83679481  2.69470148 -1.78197569]
[-3.82570353  6.10548089 -3.63860813]
[-6.93865888 12.25580427 -6.0369834 ]
[-10.74547098  21.35295765  -7.771472  ]
[-14.26208951  32.41216806  -7.10655163]
[-16.2804135   43.06922758  -2.77147034]
[-15.96391482  50.2042213    4.92296285]
