[-4.53324087e-03  8.73015846e-04  3.65109193e+00]
[-1.37445574e-03  2.18086533e-04  3.76730363e+00]
[-1.57705613e-03  1.21853780e-03  3.90353096e+00]
[2.79972559e-03 5.19696748e-03 3.79023903e+00]
[0.01007501 0.00872265 3.24909057]
[0.01389949 0.01129789 2.34944407]
[0.01013852 0.01299984 1.25470889]
[-0.00294283  0.0138914   0.1693016 ]
[-0.02529427  0.01416628 -0.71802827]
[-0.05576759  0.01410121 -1.28232403]
[-0.09274726  0.01394685 -1.48438775]
[-0.13479615  0.01385174 -1.36444268]
[-0.18106864  0.01385242 -1.0331725 ]
[-0.23159561  0.01389864 -0.71779015]
[-0.28661012  0.01391301 -0.63490061]
[-0.34357192  0.01387018 -0.7623883 ]
[-0.39845     0.01374392 -0.97850465]
[-0.44688442  0.01351403 -1.24566272]
[-0.48512561  0.0131872  -1.5489845 ]
[-0.51077543  0.01279996 -1.87082017]
[-0.52322482  0.01240677 -2.19190199]
[-0.52361466  0.01206019 -2.49334522]
[-0.51442109  0.01179653 -2.75836738]
[-0.49892937  0.01162866 -2.97271024]
[-0.48071761  0.01154512 -3.12589486]
[-0.46329738  0.01151291 -3.21138834]
[-0.44984995  0.01147683 -3.22729559]
[-0.44293539  0.01136354 -3.17667326]
[-0.44426921  0.01108862 -3.0674527 ]
[-0.45450496  0.01057289 -2.91200738]
[-0.4731594   0.00975933 -2.72512477]
[-0.49872608  0.00862656 -2.52231697]
[-0.52889137  0.00719156 -2.31683897]
[-0.56087319  0.00550238 -2.11786906]
[-0.59175769  0.00362493 -1.92928411]
[-6.18855911e-01  1.63076117e-03 -1.74941919e+00]
[-6.40008249e-01 -4.11332315e-04 -1.57231368e+00]
[-0.65380397 -0.00243711 -1.38904215]
[-0.65972076 -0.00438735 -1.19035449]
[-0.65804885 -0.00620677 -0.96849864]
[-0.64972356 -0.00784647 -0.71968468]
[-0.6360155  -0.00926918 -0.48125707]
[-0.61817657 -0.0104581  -0.39089926]
[-0.59551658 -0.01143719 -0.56833906]
[-0.56481717 -0.01226132 -0.96064476]
[-0.52453282 -0.01295589 -1.47911547]
[-0.47503002 -0.0134925  -2.09684711]
[-0.4180981  -0.0137967  -2.78038959]
[-0.3569736  -0.01379921 -3.46719358]
[-0.29551981 -0.01348123 -4.06160462]
[-0.23653584 -0.01282701 -4.45169147]
[-0.18245591 -0.01182507 -4.52836918]
[-0.13591537 -0.01050654 -4.2127096 ]
[-0.09940995 -0.00900059 -3.49401477]
[-0.07543756 -0.00766423 -2.45738578]
[-0.04958689 -0.00734434 -1.14201139]
[-0.03966955 -0.00983564  0.017473  ]
[-0.03311738 -0.01765467  1.07921299]
[-0.02051003 -0.0311851   2.02911279]
[ 2.37329901e-03 -4.70824577e-02  2.84921869e+00]
[ 0.03554005 -0.06199254  3.50966377]
[ 0.07740132 -0.07429933  3.98805199]
[ 0.12573242 -0.08338858  4.27750459]
[ 0.17730821 -0.0890138   4.38674399]
[ 0.22710023 -0.09107911  4.39597405]
[ 0.26827909 -0.08964627  4.45184229]
[ 0.29683046 -0.08515827  4.5925431 ]
[ 0.31189346 -0.0782548   4.74269337]
[ 0.31399131 -0.06958465  4.86541285]
[ 0.30452685 -0.05975091  4.95890522]
[ 0.28533932 -0.04928251  5.02134336]
[ 0.25837893 -0.03862301  5.05002189]
[ 0.22545912 -0.02813299  5.04192583]
[ 0.1881864  -0.01810295  4.9941678 ]
[ 0.14794663 -0.00876397  4.90452263]
[ 1.05916750e-01 -2.98855923e-04  4.77241520e+00]
[0.06322692 0.0071534  4.59904653]
[0.0209938  0.01349872 4.3872555 ]
[-0.01964482  0.01868898  4.14145087]
[-0.05750164  0.02272409  3.86722276]
[-0.09140838  0.02565008  3.57063199]
[-0.12028947  0.02755342  3.25776081]
[-0.14329266  0.02855108  2.93387337]
[-0.15991268  0.02877672  2.60325565]
[-0.1700543   0.02836801  2.2693061 ]
[-0.1740642   0.02745524  1.93473254]
[-0.1726926   0.02615348  1.60175685]
[-0.16698402  0.02455763  1.27220935]
[-0.15811569  0.02274127  0.94867147]
[-0.14723279  0.02076162  0.63491131]
[-0.13528634  0.01866335  0.33508094]
[-0.12292602  0.01648427  0.05460502]
[-0.11047921  0.01426393 -0.17309458]
[-0.09798356  0.01204605 -0.19632177]
[-0.08490567  0.00989961  0.13666746]
[-0.06991445  0.00793659  0.72414537]
[-0.05328487  0.00620562  1.39262416]
[-0.03669385  0.00468443  2.079214  ]
[-0.02222049  0.0033123   2.73671756]
[-1.14142587e-02  2.03550983e-03  3.29183400e+00]
