0.5610215310512042
0.35243802291157494
0.6947716901647077
0.902180674866909
0.8734893010329796
0.6225941175055933
0.21037389054130645
0.280030124457977
0.7392441617178231
1.074053795790391
1.2389986669574455
1.348728237529865
1.4425912415739524
1.5278398065381384
1.6146590116967325
1.715407917419258
1.8434026219978723
2.0108982226768823
2.227411110256638
2.497974163288862
2.82193091262519
3.1926110719840484
3.597236766270238
4.017672623402799
4.43148537750824
4.814085076309228
5.141300739505857
5.392602053627945
5.55398791162465
5.619612049901348
5.59188452286759
5.480036197468946
5.297663220688657
5.059990201530677
4.781506445216625
4.4741714242861805
4.146655972180235
3.8039205907787697
3.4490673982255418
3.185148478089924
3.195437035544098
3.4630186964828416
3.9183205504727523
4.469623578851914
5.015838554814906
5.461742935857968
5.730015707177419
5.769629647244234
5.558932065420163
5.105150246610606
4.443802395858278
3.6384832526284687
2.2412487896398012
1.658461688449252
1.2572101696863238
0.9123487724102674
0.5719744712590248
0.1315022283863782
0.5127059008775405
1.3334779598487083
2.2379689815985326
3.111592288357964
3.982294493217085
4.872037185663134
5.746955494723106
6.5787360879863375
7.346239472463212
8.034854388070627
8.635363881314907
9.142088886874747
9.551755160915109
9.862193664522275
10.072378462626274
10.18190746417917
10.191631128516581
10.103918211631695
9.922964856896385
9.65502018733838
9.308156681894031
8.892264473317919
8.418211481128585
7.89746184089163
7.341451361191414
6.761270686724523
6.166862715596192
5.567444499204355
4.971147869951548
4.38512282431002
3.8159577769455932
3.2697309540237565
2.8085329167360262
2.6241963761262084
2.6743931069621394
2.835753472946781
2.9828044046359907
3.0094574461438994
2.846076783294821
2.470097857495184
1.9082630755240595
1.2327452597286186
0.0
