[ 0.14186392  0.52794785 -0.12605892]
[ 0.0647349   0.31630396 -0.14132854]
[ 0.08618307  0.57910518 -0.3740553 ]
[ 0.0655521   0.68318539 -0.58556863]
[ 0.02957162  0.59576986 -0.63809666]
[ 0.00741743  0.3877026  -0.4870884 ]
[ 0.00718422  0.13302194 -0.16282114]
[ 0.01864878 -0.11627549  0.25406516]
[ 0.02492781 -0.32791915  0.66206463]
[ 0.01498329 -0.47598027  0.96270963]
[-0.00955638 -0.55000701  1.11018857]
[-0.04282338 -0.60276502  1.20578122]
[-0.08346986 -0.6514396   1.28441766]
[-0.13071085 -0.69801919  1.35276693]
[-0.18377184 -0.74444113  1.42097116]
[-0.24203385 -0.79253375  1.50197676]
[-0.30522311 -0.84396247  1.61018615]
[-0.37356691 -0.89983158  1.75910845]
[-0.44799127 -0.96031581  1.95919821]
[-0.53020047 -1.02408353  2.21585543]
[-0.62256436 -1.08781558  2.52831267]
[-0.72770646 -1.14599914  2.88961844]
[-0.8475953  -1.19088791  3.28686485]
[-0.98238005 -1.21309384  3.70202999]
[-1.12921742 -1.20277262  4.11293918]
[-1.28175287 -1.15157643  4.49515255]
[-1.43052131 -1.0547478   4.82432266]
[-1.56446585 -0.91281637  5.079308  ]
[-1.67309594 -0.7321026   5.24514609]
[-1.74852543 -0.52373224  5.31492267]
[-1.7867515  -0.30152361  5.29015833]
[-1.78782018 -0.07947835  5.17959254]
[-1.75501147  0.130315    4.99681782]
[-1.69351837  0.31885505  4.75750227]
[-1.60917033  0.48041849  4.47689321]
[-1.50750144  0.61203227  4.16786106]
[-1.39338266  0.71265787  3.83996866]
[-1.27088663  0.78235786  3.49893915]
[-1.14383238  0.8220057   3.14833607]
[-1.04257611  0.85732578  2.88499539]
[-1.01542611  0.94562026  2.87845966]
[-1.06123735  1.10632531  3.10520822]
[-1.17652348  1.34739269  3.48619583]
[-1.36313099  1.67311517  3.91408923]
[-1.61982122  2.08095524  4.26666625]
[-1.92934194  2.55179019  4.4268095 ]
[-2.24931707  3.03879329  4.30573897]
[-2.51472761  3.46492382  3.86769625]
[-2.65350815  3.73556778  3.14740425]
[-2.6105515   3.7659348   2.25062547]
[-2.37090939  3.51477247  1.33136879]
[-1.97096514  3.00911593  0.54688035]
[-1.18784258  1.87773624 -0.29382435]
[-0.84680698  1.38114947 -0.35473829]
[-0.62013037  1.03566353 -0.35130725]
[-0.43024804  0.73235812 -0.33304429]
[-0.26278876  0.4491012  -0.23749733]
[-0.06439096  0.1058235  -0.04413645]
[ 0.21820351 -0.36699372  0.28384887]
[ 0.59497963 -0.94808675  0.72477185]
[ 1.04812413 -1.5630882   1.21107236]
[ 1.54276228 -2.1238548   1.6706681 ]
[ 2.10010743 -2.63802112  2.11874085]
[ 2.73704987 -3.10585987  2.56883997]
[ 3.43758971 -3.4917      3.00308268]
[ 4.18069186 -3.76738707  3.40710709]
[ 4.94226002 -3.91423162  3.77095362]
[ 5.69668901 -3.92296834  4.08863531]
[ 6.41838996 -3.79297433  4.35742187]
[ 7.0826829  -3.53084821  4.57673498]
[ 7.66683822 -3.14924648  4.74740613]
[ 8.15059895 -2.66562762  4.87083464]
[ 8.51739843 -2.10144376  4.94880449]
[ 8.75484652 -1.48100753  4.98302305]
[ 8.8558699  -0.83050044  4.97525703]
[ 8.81925504 -0.17662132  4.92734296]
[8.64986237 0.45489474 4.84129976]
[8.35838427 1.04079066 4.7194896 ]
[7.96035183 1.5616227  4.56463735]
[7.47507522 2.00277223 4.38001385]
[6.92375095 2.35488596 4.16922888]
[6.32802288 2.61384222 3.93622392]
[5.70852458 2.78023804 3.68509588]
[5.08393936 2.85864555 3.4200128 ]
[4.4699797  2.85648586 3.14483159]
[3.87956567 2.78332609 2.86330304]
[3.32257403 2.64994294 2.57887871]
[2.80607072 2.46766073 2.29475921]
[2.33480406 2.24800697 2.01412224]
[1.91146532 2.00231623 1.74016394]
[1.56878596 1.77816674 1.50495541]
[1.40263232 1.71538449 1.40587526]
[1.37129503 1.81172208 1.41052882]
[1.39797355 2.00628416 1.43596364]
[1.41378774 2.22564205 1.39457656]
[1.36480562 2.38778231 1.22173456]
[1.21962371 2.40690866 0.90524128]
[0.97809856 2.21209141 0.5013564 ]
[0.67523833 1.78063045 0.12196872]
[ 0.37147793  1.16967897 -0.1162589 ]
[0. 0. 0.]
