[ 2.58946306e-02 -3.60651450e-15 -5.48190032e+01]
[ 2.34840075e-03  2.78632828e-15 -5.12646574e+01]
[ 1.97728999e-03  3.72481364e-15 -4.27605273e+01]
[ 3.02955654e-03 -7.81304014e-16 -3.15609657e+01]
[ 7.12846610e-03 -3.93830723e-16 -2.01567957e+01]
[ 1.37705782e-02  3.12823020e-17 -1.05937358e+01]
[ 2.09903006e-02  2.91394020e-16 -4.08872411e+00]
[ 2.67787908e-02 -8.25544016e-18 -8.05631517e-01]
[2.98116113e-02 6.43342158e-17 3.09887255e-03]
[ 2.91935502e-02  4.99792803e-17 -4.69138200e-01]
[ 2.37313042e-02 -7.16671004e-17 -1.19329001e+00]
[ 1.15779522e-02 -1.00282940e-16 -1.80229232e+00]
[-8.18558542e-03 -1.83158322e-17 -2.34788453e+00]
[-3.50449428e-02  1.07877968e-16 -2.84281626e+00]
[-6.70245938e-02 -8.12573221e-17 -3.27090904e+00]
[-1.00842521e-01 -2.51425783e-16 -3.61805421e+00]
[-1.32406572e-01  2.55038050e-16 -3.87615524e+00]
[-1.57526180e-01 -7.04161036e-17 -4.04744378e+00]
[-1.72684004e-01 -7.63806040e-17 -4.14750490e+00]
[-1.75698438e-01 -1.07938333e-16 -4.20544088e+00]
[-1.66121007e-01 -2.55223924e-16 -4.25972748e+00]
[-1.45293853e-01 -9.58255261e-17 -4.35054763e+00]
[-1.16045501e-01 -7.51768684e-17 -4.51018654e+00]
[-8.21159387e-02  5.89704594e-17 -4.75413334e+00]
[-4.74803963e-02  1.36198190e-16 -5.07569260e+00]
[-1.57630696e-02 -1.20900019e-16 -5.44570693e+00]
[ 1.01277143e-02  6.53747845e-17 -5.81740342e+00]
[ 2.81240225e-02  3.53064627e-16 -6.13500134e+00]
[ 3.69655912e-02  7.37390905e-17 -6.34371226e+00]
[ 3.61230696e-02 -8.22289415e-17 -6.39840341e+00]
[ 2.57480219e-02 -1.01075616e-16 -6.26960741e+00]
[ 6.66239481e-03 -1.72399233e-17 -5.94653308e+00]
[-1.96570943e-02 -3.04610040e-17 -5.43753770e+00]
[-5.11630645e-02 -5.24737208e-17 -4.76885007e+00]
[-8.54369253e-02 -3.35451643e-17 -3.98192230e+00]
[-1.20000775e-01  1.06789772e-16 -3.12938448e+00]
[-1.52682175e-01 -1.24071300e-16 -2.26928853e+00]
[-1.81927832e-01 -1.25901306e-16 -1.45800600e+00]
[-2.06977332e-01  7.53747519e-17 -7.43787311e-01]
[-2.27827368e-01 -1.12105775e-16 -2.39043994e-01]
[-2.42666249e-01 -2.21376478e-16 -1.22005428e-01]
[-2.46441350e-01 -3.13314634e-16 -1.83720580e-01]
[-2.36398409e-01 -1.25799999e-16  3.07115445e-01]
[-2.12888740e-01  1.17601135e-16  2.20253959e+00]
[-1.78886895e-01  4.99959108e-16  6.14280109e+00]
[-1.39049134e-01 -3.88237845e-16  1.22999828e+01]
[-9.85883071e-02 -1.77416902e-16  2.02503612e+01]
[-6.22169675e-02  3.53908600e-15  2.90063017e+01]
[-3.33387820e-02 -8.08556536e-16  3.72078902e+01]
[-1.36268608e-02 -1.68864072e-15  4.34330722e+01]
[-3.05832429e-03  5.46553760e-15  4.65493782e+01]
[-3.66118244e-04  4.25939212e-16  4.60073823e+01]
[-4.59594081e-01  1.32370623e-15  4.26658243e+01]
[-2.61897536e-01 -2.76586164e-15  3.57742182e+01]
[-1.00566216e-01 -2.09245024e-15  2.75097106e+01]
[-4.01998027e-02 -1.83291780e-15  1.92219679e+01]
[-1.77374613e-02  5.48717256e-16  1.23588130e+01]
[ 4.79392345e-03 -1.75524081e-16  7.47992464e+00]
[ 2.66365066e-02 -4.77192099e-16  4.80716596e+00]
[4.85945952e-02 5.30212790e-17 4.01195064e+00]
[ 7.16455312e-02 -2.28951966e-16  4.41824832e+00]
[ 9.62303848e-02 -4.22475586e-16  5.31398706e+00]
[ 1.22575700e-01 -1.75732468e-16  6.30100946e+00]
[ 1.50616151e-01 -1.12811714e-15  7.29970739e+00]
[ 1.79917729e-01 -4.36388198e-16  8.27172453e+00]
[ 2.09874336e-01 -9.21084718e-16  9.16763908e+00]
[ 2.39794324e-01 -9.91100203e-16  9.95461720e+00]
[ 2.68921927e-01 -9.88353948e-18  1.06164879e+01]
[ 2.96451126e-01 -8.80152305e-16  1.11511259e+01]
[ 3.21561546e-01 -3.06959327e-16  1.15660892e+01]
[3.43475685e-01 4.61578132e-16 1.18735980e+01]
[ 3.61517406e-01 -2.24005681e-17  1.20860177e+01]
[ 3.75157623e-01 -3.05566925e-16  1.22123664e+01]
[3.84033315e-01 1.18006992e-16 1.22558263e+01]
[ 3.87944395e-01 -9.45810435e-17  1.22130260e+01]
[ 3.86850342e-01 -7.98787897e-18  1.20748495e+01]
[3.80861813e-01 5.17902703e-17 1.18282293e+01]
[3.70242586e-01 2.43129231e-16 1.14591862e+01]
[3.55413206e-01 7.18846263e-16 1.09563921e+01]
[3.36954812e-01 5.77070237e-16 1.03146587e+01]
[ 3.15594370e-01 -5.65983569e-16  9.53727979e+00]
[2.92164312e-01 1.22578213e-16 8.63746520e+00]
[ 2.67541136e-01 -1.63661181e-16  7.63833478e+00]
[2.42564961e-01 6.40300015e-16 6.57063675e+00]
[ 2.17948869e-01 -3.06524127e-17  5.46931544e+00]
[ 1.94216596e-01 -5.06485000e-16  4.37014295e+00]
[1.71680016e-01 6.92476813e-16 3.30552807e+00]
[ 1.50452188e-01 -2.20764581e-16  2.30135935e+00]
[ 1.30510121e-01 -1.24306846e-16  1.37605071e+00]
[ 1.11774641e-01 -1.31043639e-18  5.40248649e-01]
[ 9.41841026e-02 -1.08499724e-16 -1.86222980e-01]
[ 7.81295352e-02  7.76125746e-17 -7.90884794e-01]
[ 6.50223857e-02 -3.02591671e-16 -1.64827678e+00]
[ 5.50722659e-02 -3.76518377e-16 -3.71586271e+00]
[ 4.69707391e-02  4.69414207e-16 -8.07156535e+00]
[ 3.87613815e-02  1.45207703e-15 -1.53229694e+01]
[ 2.91943123e-02 -7.13440063e-17 -2.51358086e+01]
[ 1.88314071e-02 -2.56935234e-15 -3.61172889e+01]
[ 9.91519497e-03 -8.45961909e-16 -4.61269030e+01]
[-1.78132972e-02 -5.25223976e-15 -5.29107329e+01]
