[-0.17140464 -0.66028508  0.17827179]
[-0.2591907  -1.27778783  0.57891729]
[-0.24539665 -1.66524324  1.08403558]
[-0.16733626 -1.78859813  1.54810805]
[-0.0728259  -1.68392978  1.84219923]
[-4.51913814e-04 -1.42591150e+00  1.89021815e+00]
[ 0.03218633 -1.08959494  1.67887719]
[ 0.02963376 -0.726236    1.24656021]
[ 0.01132817 -0.36155639  0.66444819]
[ 0.00027647 -0.06479623  0.12365661]
[-0.00020734 -0.00627064  0.01223135]
[-0.00044302 -0.00605269  0.01205012]
[-0.00066353 -0.00581251  0.01182738]
[-0.00086234 -0.00554266  0.0115409 ]
[-0.00103365 -0.00523629  0.01116901]
[-0.00117366 -0.00489246  0.01070282]
[-0.00127948 -0.00450949  0.01013291]
[-0.00135156 -0.00409543  0.00947301]
[-0.00139169 -0.00365968  0.00874207]
[-0.00140301 -0.00321436  0.0079667 ]
[-0.00139133 -0.00277649  0.00718668]
[-0.00136222 -0.00235964  0.00643492]
[-0.00132258 -0.00197647  0.00574419]
[-0.00127761 -0.00163283  0.00513194]
[-0.00123178 -0.00133065  0.00460724]
[-0.00118427 -0.00106444  0.0041566 ]
[-0.00112973 -0.00082656  0.00375279]
[-0.00105787 -0.00061019  0.00335651]
[-0.00095426 -0.00041265  0.00291976]
[-0.00080391 -0.00023853  0.00239504]
[-5.94938445e-04 -9.99086226e-05  1.74243288e-03]
[-3.21909444e-04 -1.43270587e-05  9.35465734e-04]
[ 1.22809554e-05 -9.21763795e-07 -3.57246125e-05]
[ 3.95786285e-04 -7.60463553e-05 -1.16202664e-03]
[ 0.00081089 -0.00024978 -0.00242118]
[ 0.00123474 -0.0005234  -0.00377503]
[ 0.001648   -0.00089125 -0.00519071]
[ 0.0016499  -0.00108836 -0.00538213]
[-0.04252057  0.03321061  0.14429762]
[-0.16001621  0.14484493  0.56688599]
[-0.26269767  0.27024542  0.96724943]
[-0.34469616  0.39314164  1.28634987]
[-0.41507976  0.50994148  1.50336885]
[-0.48053119  0.61861815  1.60328917]
[-0.54006023  0.71392334  1.57911832]
[-0.58285266  0.7828793   1.43357962]
[-0.59055651  0.80395386  1.18303804]
[-0.5431483   0.75100873  0.86074888]
[-0.42715135  0.60223206  0.51707853]
[-0.24354199  0.3515307   0.21315381]
[-0.01121628  0.01663088  0.00638835]
[ 0.23629905 -0.36077191 -0.06726546]
[ 0.46054186 -0.72473468 -0.00655465]
[ 0.62985619 -1.020714    0.15367703]
[ 0.72721394 -1.20929022  0.35411545]
[ 0.751105   -1.27254429  0.52998932]
[ 0.71027292 -1.21213826  0.62939003]
[ 0.61576749 -1.04218221  0.62441691]
[ 0.47561066 -0.7837067   0.51410423]
[ 0.29352463 -0.46191175  0.3198108 ]
[ 0.089602   -0.13228511  0.09442473]
[ 0.01268407 -0.0173079   0.01260406]
[ 0.01207446 -0.01504837  0.01120488]
[ 0.01201408 -0.01353843  0.01038415]
[ 0.01179208 -0.01190437  0.00948922]
[ 0.01138166 -0.01020098  0.00853969]
[ 0.01076425 -0.00848418  0.00755324]
[ 0.00993695 -0.00681324  0.00654926]
[ 0.00890463 -0.00524096  0.00554207]
[ 0.00768634 -0.00381664  0.00454549]
[ 0.00630393 -0.00257862  0.00356655]
[ 0.00479297 -0.00155988  0.00261338]
[ 0.00318633 -0.00078104  0.00168728]
[ 0.00152648 -0.0002556   0.00079127]
[-1.43014383e-04  1.31352159e-05 -7.31510017e-05]
[-1.77779221e-03  3.16080917e-05 -9.04454572e-04]
[-0.00333409 -0.00018419 -0.00170034]
[-0.00477546 -0.00060971 -0.00245974]
[-0.00606821 -0.00121319 -0.00317941]
[-0.00719473 -0.00195965 -0.00386009]
[-0.00814485 -0.00281294 -0.00450202]
[-0.00891943 -0.0037392  -0.0051072 ]
[-0.0095243  -0.00470721 -0.0056768 ]
[-0.00997834 -0.0056943  -0.00621696]
[-0.01029244 -0.00667724 -0.00672721]
[-0.01048339 -0.00763894 -0.00720925]
[-0.01056712 -0.008565   -0.00766342]
[-0.01055409 -0.00943902 -0.00808535]
[-0.01045664 -0.01024736 -0.00847109]
[0.06090668 0.06499601 0.05219682]
[0.39322757 0.45428665 0.35637147]
[0.73773898 0.91826373 0.70445991]
[0.99549886 1.33480808 0.98543012]
[1.14606307 1.6645102  1.14193408]
[1.17839812 1.87305132 1.13310056]
[1.09048336 1.92272476 0.95387549]
[0.89317053 1.77340984 0.64800081]
[0.61555487 1.3983784  0.30742033]
[0.30651365 0.81073075 0.05235132]
[ 0.03157409  0.09932705 -0.00977372]
[ 0.  0. -0.]
