[-0.04380227 -0.16873514  0.04555716]
[ 0.1370209   0.67550123 -0.30604403]
[ 0.19996336  1.35693639 -0.88333482]
[ 0.16759865  1.79140274 -1.55053556]
[ 0.08516998  1.96935792 -2.15445424]
[ 6.15296135e-04  1.94142734e+00 -2.57359674e+00]
[-0.05259671  1.78054174 -2.74350659]
[-0.06320143  1.54888073 -2.65860283]
[-0.04015805  1.28170772 -2.35545105]
[-0.00423638  0.99286943 -1.89478398]
[ 0.02456076  0.74279337 -1.44887505]
[ 0.05094277  0.69599329 -1.38563323]
[ 0.07835684  0.68640474 -1.39670599]
[ 0.10240454  0.65820008 -1.37050089]
[ 0.1207626   0.6117624  -1.30489118]
[ 0.13179462  0.54939444 -1.20186309]
[ 0.1348767   0.47537109 -1.0681671 ]
[ 0.13029232  0.39480631 -0.91321426]
[ 0.11937186  0.31390791 -0.74984863]
[ 0.10412223  0.23854803 -0.59123461]
[ 0.08704906  0.17371182 -0.44963669]
[ 0.07103861  0.12305365 -0.33557624]
[ 0.0587735   0.08783113 -0.25526312]
[ 0.05250001  0.0670968  -0.2108828 ]
[ 0.05337212  0.05765588 -0.19962746]
[ 0.0613206   0.05511569 -0.21522475]
[ 0.07467191  0.0546331  -0.24804889]
[ 0.09057958  0.05224694 -0.28740056]
[ 0.10553063  0.0456345  -0.32289288]
[ 0.11599603  0.03441668 -0.34557819]
[ 0.11913658  0.02000673 -0.34892263]
[ 0.11324157  0.00503998 -0.3290789 ]
[ 0.0979017  -0.00734814 -0.28479056]
[ 0.07391585 -0.01420219 -0.21701657]
[ 0.04310655 -0.01327794 -0.12870834]
[ 0.00788864 -0.00334395 -0.02411832]
[-0.02888009  0.01561849  0.09096367]
[-0.06469705  0.04267725  0.21104754]
[-0.09680683  0.07561079  0.32852324]
[-0.08277624  0.07492816  0.29324962]
[ 0.00678023 -0.00697503 -0.02496471]
[ 0.09327911 -0.10638907 -0.34810244]
[ 0.17023521 -0.20914052 -0.61657142]
[ 0.24209644 -0.31166603 -0.80775318]
[ 0.30929907 -0.40887259 -0.90438028]
[ 0.36514834 -0.490462   -0.89811587]
[ 0.39401662 -0.53639435 -0.78931759]
[ 0.3746443  -0.518019   -0.59371384]
[ 0.28681677 -0.40437717 -0.34719964]
[ 0.12139115 -0.17521708 -0.10624446]
[-0.10980857  0.16281816  0.06254264]
[-0.37250885  0.56873158  0.10603927]
[ 0.61963549 -0.9750934  -0.00881894]
[ 0.8089508  -1.31094592  0.19737387]
[ 0.91693292 -1.52477551  0.44649874]
[ 0.94196699 -1.59590831  0.66466399]
[ 0.89659423 -1.53011066  0.79449385]
[ 0.79523556 -1.34593069  0.80640589]
[ 0.64567669 -1.06393989  0.69793456]
[ 0.44623665 -0.70223052  0.48619872]
[ 0.18954731 -0.27984071  0.19974949]
[-0.11334941  0.15466957 -0.11263442]
[-0.31132028  0.3879975  -0.28889955]
[-0.45251078  0.50992529 -0.39111911]
[-0.60548605  0.61125215 -0.48724167]
[-0.75745906  0.67888385 -0.56832324]
[-0.89423547  0.7048199  -0.62748248]
[-1.00226453  0.68720014 -0.660574  ]
[-1.07154391  0.63067364 -0.66690808]
[-1.09654588  0.54448757 -0.64846662]
[-1.07737376  0.44069871 -0.60954082]
[-1.01864215  0.33151847 -0.55541711]
[-0.92896948  0.22771141 -0.49192549]
[-0.81823477  0.13701121 -0.42414117]
[-0.69653828  0.06397385 -0.35627517]
[-0.57220704  0.0101735  -0.29111123]
[-0.4509944  -0.02491469 -0.23000051]
[-0.33579533 -0.04287269 -0.17296124]
[-0.22683852 -0.04535089 -0.11885096]
[-0.12299168 -0.03349966 -0.06598708]
[-0.02209567 -0.00763106 -0.01221326]
[0.07722716 0.03237514 0.04421966]
[0.17515775 0.0865685  0.10439986]
[0.27004907 0.15410781 0.16825304]
[0.3592536  0.23306671 0.23481091]
[0.43873873 0.31969644 0.30171344]
[0.5048778  0.40922014 0.36614411]
[0.55502118 0.49638169 0.42519456]
[0.58791657 0.57615016 0.47628064]
[0.60438675 0.64496587 0.51795747]
[0.67358832 0.77818089 0.6104548 ]
[0.9727293  1.2107562  0.92884993]
[1.2606959  1.69039579 1.24794489]
[1.44871413 2.1040722  1.44349476]
[1.52144868 2.41832654 1.46296427]
[1.46978805 2.59150939 1.28566362]
[1.29516427 2.57157728 0.93964978]
[1.01649496 2.30920859 0.50765777]
[0.67487612 1.78505205 0.11526617]
[-0.32970645 -1.03720391  0.10206018]
