0.9567181536335392
0.05289568946583973
-0.7923225925689458
-1.4498000197759782
-1.8504847269947235
-1.9972480117131635
-1.9495082701896327
-1.7951534785277057
-1.6242292280193917
-1.5111375312623188
-1.4916092558633856
-1.520399673544963
-1.5315925911043728
-1.5064129017341794
-1.441908831269796
-1.339134282984635
-1.2030965766969302
-1.042316071867033
-0.8681909129837607
-0.6935137645000492
-0.5309893210088854
-0.39190001798372026
-0.2845819659345246
-0.21349390129174672
-0.17888572570885908
-0.17692920552526956
-0.20023747364078306
-0.23894511924413497
-0.28199964275748507
-0.3183543841835424
-0.3381974716846406
-0.333965859907598
-0.30101498656927367
-0.23797048633322554
-0.14667495394014604
-0.03182197461498738
0.09988511024599299
0.2407728502525418
0.3833489369216232
0.5421123760026153
0.7614091313852674
1.0491567385787002
1.3707071063662248
1.6987172062348066
2.015996061257505
2.3081781750849903
2.5569821620957365
2.7371829643773404
2.8189555553322574
2.774070725145443
2.5834774770304905
2.245180935006323
1.780676531209685
1.2369844238588492
0.6813332805440653
0.18809529900866237
-0.17929742005027705
-0.3861378372916372
-0.4384624021690012
-0.386039078499771
-0.3152773369363017
-0.3254013467177033
-0.438684957387023
-0.59231076608203
-0.7437670000545357
-0.8792177534978751
-0.9882571764554663
-1.064139602953005
-1.103947588581597
-1.1082748520324142
-1.080444968449591
-1.0255697018540482
-0.9495207789764676
-0.8578982651606152
-0.7553416188239459
-0.6450909899272507
-0.5288334560436942
-0.40692510795194387
-0.27891616612584225
-0.14418714779021166
-0.0025091201519734595
0.14532222234803965
0.29708070346238563
0.44920396760364656
0.5970532304972742
0.7352999325323167
0.8588248802219731
0.9635224505106902
1.0468733858394117
1.1085627015819886
1.1709453472899694
1.3227681417366395
1.6087335534891753
1.9690799410539024
2.3287558876554626
2.617664436120869
2.764626333637919
2.6994511520173585
2.3700407685764033
1.7694735565828403
