-1.8434268335900237e-06
-0.6787516039063062
-1.291055044134605
-1.7769897314280036
-2.0889749757600717
-2.1964725681897326
-2.088974975760074
-1.7769897314280105
-1.2910550441346043
-0.7083220137592412
-0.23308657581353895
-0.029568566426100854
0.0
0.0
0.0
0.0
0.0
0.0
0.0
0.0
0.0
0.0
0.0
0.0
0.0
0.0
0.0
0.0
0.0
0.0
0.0
0.0
0.0
0.0
0.0
0.0
0.0
-0.00032444312287757503
-0.04051483496962678
-0.23243768956778374
-0.6064984891263212
-1.027197987598836
-1.3771135824785
-1.620335319028374
-1.738008627584717
-1.7210380401458985
-1.5707213292034288
-1.298705265497962
-0.9260786520167058
-0.4816992297983526
-1.5161198800284699e-15
0.4816999671690851
0.9260786520167075
1.2987045281272322
1.5707213292034259
1.7210380401458965
1.738008627584724
1.620335319028374
1.3771135824784966
1.027197987598836
0.6064984891263165
0.23243768956778146
0.04051483496963148
0.00032444312287992
0.0
0.0
0.0
0.0
0.0
0.0
0.0
0.0
0.0
0.0
0.0
0.0
0.0
0.0
0.0
0.0
0.0
0.0
0.0
0.0
0.0
0.0
0.0
0.0
0.0
0.029568566426100854
0.23308657581354128
0.7083220137592443
1.2910550441345998
1.7769897314280083
2.088974975760077
2.1964725681897304
2.0889731323332374
1.7769915748548402
1.291058730988271
0.6787497604794712
