0.18018224913311331
-0.7541482521202574
-1.631423342388481
-2.3751576016284983
-2.920153696889454
-3.223746371834957
-3.271073782726458
-3.077530659010363
-2.6818905627394827
-2.1391619836574383
-1.6283685471141218
-1.5514448975352924
-1.5582294085274007
-1.5238066585912209
-1.4462288279101627
-1.3280357562533815
-1.1769241070182008
-1.0033984236821836
-0.8216208243406872
-0.6459914648240661
-0.4898229169506903
-0.36441747577608463
-0.2762750268123606
-0.22744183515899216
-0.21453183119204283
-0.2304770048345462
-0.264743120532058
-0.30583244917896346
-0.3427521442404252
-0.3661473371360736
-0.3692435436065815
-0.3480545632213321
-0.30123811222963937
-0.2296986029324368
-0.13638297053545892
-0.02559504120591309
0.09670773263394782
0.2248290865352335
0.3507364672072416
0.31378571791126003
-0.026792896283902978
-0.37575914849829267
-0.6729636733915114
-0.8990058921354142
-1.0395895363148997
-1.0865074296573791
-1.032468039069105
-0.8724667085462537
-0.6052539538689352
-0.2381695212504818
0.20610496382171553
0.6880863157318408
1.155349756418172
1.5530412229806831
1.8344120255355576
1.9687568080134565
1.9432808109334254
1.7590393633076367
1.4268774006209617
0.96366178876307
0.392605229034691
-0.22238992572508406
-0.5752610895203494
-0.7859796263518145
-0.9887603337210231
-1.1651690040344462
-1.300062468495733
-1.383161679909241
-1.4109294769168512
-1.3854199897558297
-1.3139595067800764
-1.2066584035615024
-1.0755591381973597
-0.9317595942547523
-0.7849778492520534
-0.642082664274684
-0.5068697304072454
-0.38014755311740456
-0.2600730058363363
-0.14353910442144624
-0.026374521760471285
0.09469721493248699
0.2215257864609649
0.35353189173692406
0.48838448312299876
0.6210704340176642
0.7459384869133349
0.8574576999256724
0.9510195322512964
1.024472668756049
1.1966376943228059
1.8096671125911554
2.4503384544090823
2.9342068041490155
3.2098868805658487
3.2448619034103414
3.028762433177953
2.573601122644132
1.911845941883317
1.093121482024121
