0.34734786928536376
-0.17428964876242392
-0.802023884138273
-1.4539354189422686
-2.0437205796791575
-2.4938916846411185
-2.7513187593375985
-2.7917776122168316
-2.618141729997128
-2.2545459378070842
-1.7397016403225474
-1.122833329514301
-0.48555203352725773
-0.01613259299589434
0.1403042535920465
0.07821076203178305
-0.061114081113679775
-0.23572369376908373
-0.4269112269046929
-0.6143206441927078
-0.7775375038213513
-0.8987284078327908
-0.9645288072820408
-0.9669489267409528
-0.9046601471613969
-0.782638779563329
-0.6117265858271707
-0.4070256240398288
-0.1860718358401189
0.03328364937303363
0.23523120999695765
0.40743917258107065
0.5427677496484666
0.639446694080036
0.7010180617888288
0.7353383797997928
0.753019636889667
0.7658552805851433
0.7846285267596323
0.8177971687248474
0.869656193298287
0.9042289032319379
0.8148539065347993
0.5666508281794425
0.27703861772196625
0.04674353978689294
-0.09683006539093109
-0.1397207675801937
-0.07337732261760266
0.10638043122731955
0.3993193888131734
0.7998720349239113
1.2945873248050102
1.857950715983436
2.450345628968577
3.0195344054565623
3.507884297482553
3.8620119381684894
4.04223126462895
4.029958610548162
3.8260148934521787
3.4489323369844778
2.932640383730538
2.3265931204118524
1.7503720893981312
1.3366773144180888
1.0656848051775705
0.8420513402979856
0.634405050758731
0.4446026777675225
0.2728781817701172
0.11776406131516928
-0.02303360245014753
-0.15209703884280049
-0.27171412650634424
-0.3832485909500971
-0.4871278237353493
-0.5831475650353963
-0.6704795255419826
-0.74806579911196
-0.8150265474734212
-0.8709503452317798
-0.916394344012151
-0.952756411646162
-0.9820366652189044
-1.0065614812528059
-1.02880029486911
-1.0511514080500282
-1.074779496117608
-1.0995736229513635
-1.124746223469548
-1.1479089029895606
-1.1386311803547693
-0.9613005250671777
-0.5243293343684079
0.017391940918100257
0.469831036628122
0.7540317763211757
0.8324707481945703
0.6942003393103011
