0.40581635366883045
0.20230415652961883
0.3795919830386182
0.7404974239512149
1.073869655716473
1.3108570363976566
1.4124176029851154
1.3669991325787518
1.1903897537868762
0.9208920681503854
0.6114887200282791
0.32140462082552573
0.10955826573112591
0.014964391997962729
3.4953653634060715e-08
-1.569338657496089e-07
0.0
0.0
0.0
0.0
0.0
0.0
0.0
0.0
0.0
0.0
0.0
0.0
0.0
0.0
0.0
0.0
0.0
0.0
0.0
0.0
0.0
0.0
0.0
0.0
1.0838694437894994e-06
-0.00025086065526894126
-0.02947749090114812
-0.1605541299812694
-0.42075176518464497
-0.7676594020517022
-1.1483717220830445
-1.5116933479657062
-1.8132064739675422
-2.017862011530895
-2.102064729808852
-2.0565134095832707
-1.890276191710512
-1.6369794795768586
-1.3608794336245287
-1.1531494620674265
-1.0827510635872941
-1.1133434467828767
-1.1375254113044502
-1.077053545505248
-0.9105716292398303
-0.6625351076973441
-0.38768158095693256
-0.1555490225768358
-0.02964847577891146
-0.0002614434470732712
3.387519522645366e-07
-5.1152890032282913e-08
0.0
0.0
0.0
0.0
0.0
0.0
0.0
0.0
0.0
0.0
0.0
0.0
0.0
0.0
0.0
0.0
0.0
0.0
0.0
0.0
0.0
0.0
0.0
-1.1806283794248674e-07
1.1353805688057712e-07
0.01339046486508179
0.09265780201449203
0.25289328876407957
0.438615499562304
0.5856768661796079
0.6435070872058288
0.5836562857619225
