2.883381522980824
3.7374603244376132
4.336687806637732
4.5551652485832115
4.336714543888116
3.7332058545900577
2.8833088879345006
1.9683758326930445
1.1577085566580925
0.5608784604846299
0.2060189007170806
0.048296725089098026
0.004818352064594109
7.783699884247784e-05
3.706078816854568e-16
-6.5780661232352155e-15
0.0
0.0
0.0
0.0
0.0
0.0
0.0
0.0
0.0
0.0
0.0
0.0
0.0
0.0
0.0
0.0
0.0
0.0
0.0
0.0
0.0
0.0
0.0
0.0
1.6583413972589502e-13
-9.628637676476026e-09
-0.00014585739834808992
-0.004806570486398104
-0.037131296000106465
-0.14078014472613717
-0.363343796937426
-0.7356815599711387
-1.2551405536621851
-1.877548339137108
-2.5219462845920657
-3.0870041984755465
-3.4738954846777155
-3.611573138488997
-3.473918022361834
-3.086922610655413
-2.5219941778024
-1.8775221320227917
-1.2551668708366397
-0.7357701251478422
-0.3633359360425125
-0.14076055271749366
-0.037123371821627
-0.004807736525124451
-0.00014571507824348681
-9.74318237297479e-09
1.4423667368729304e-14
-2.9617104734771074e-16
0.0
0.0
0.0
0.0
0.0
0.0
0.0
0.0
0.0
0.0
0.0
0.0
0.0
0.0
0.0
0.0
0.0
0.0
0.0
0.0
0.0
0.0
0.0
-3.948267664333241e-15
4.462617645780044e-15
7.782193990421822e-05
0.004819129998855166
0.04829730756432095
0.20599730802828406
0.560883470644556
1.1577150275831178
1.9652703372922447
