0.011202653732692382
0.0017073938427988834
-0.006934046851176843
-0.015564461848023042
-0.027439340808535603
-0.053841614985827416
-0.09986104127654499
-0.16338491737365757
-0.23594020560508724
-0.3081870482455401
-0.3749679323734971
-0.436359675471255
-0.4953737114561981
-0.5548340967701313
-0.6157625335267596
-0.6799856127553038
-0.7500724753016543
-0.8283724241852884
-0.9165849761742776
-1.0152281849722318
-1.1233096209184552
-1.2380672856902606
-1.3553973088920952
-1.4704812821225026
-1.578750040079175
-1.6766901332909407
-1.7620934319189154
-1.8338258020444513
-1.8911962505856073
-1.9335336109548855
-1.9598269358432703
-1.9689393325519668
-1.9598842678953945
-1.93214566384475
-1.8859488596043978
-1.8221283473421672
-1.7420093608502245
-1.6469950691275024
-1.538433731549789
-1.4175082178456293
-1.2853260229940577
-1.1432468370312383
-0.9931390216694551
-0.8403358855312684
-0.6951697009175022
-0.5668843096928327
-0.4614244742403366
-0.380697055089239
-0.319576066179814
-0.26820650640897714
-0.22169445242771196
-0.1784965714356937
-0.13769124131873664
-0.10099213402940146
-0.07518434884985055
0.06969331373055844
0.09023513753121705
0.13737948062113692
0.19789777667816594
0.2606192908078881
0.32569302670787004
0.39476102429440124
0.4673359721964084
0.5431371757160806
0.6249064244639184
0.7192265535826967
0.8289045645492685
0.9523032834919263
1.0863177921550682
1.2266861356257424
1.3685813968820317
1.5070015109432504
1.6372765206199196
1.7552869497404768
1.8575557554149662
1.9414203235140979
2.004745987775663
2.045947888415937
2.0639207977116687
2.0580235428879545
2.0281385453035377
1.9747806224199052
1.89919900940114
1.8034256142056175
1.6902205517021995
1.562970832965163
1.4255200790873304
1.2818555964587324
1.1358013800896583
0.9909322130333719
0.8502599182257149
0.7160963216704599
0.5902090827590423
0.4738044954490708
0.3678007376682828
0.27336070860955697
0.1922234901220244
0.1254531082620341
0.0731741428607516
0.03525432187704011
