0.0033435267073696285
0.00012139936715483966
-0.0037909035549029014
-0.03592376513143728
-0.09033370968769398
-0.14688552250256864
-0.18983779565431091
-0.21091083567568403
-0.21204464573064621
-0.20136157320651868
-0.18722579593743766
-0.17495101667806295
-0.16662337059071664
-0.1618656908409248
-0.15944236524058275
-0.16061329352080198
-0.1673180959028222
-0.18156660590665646
-0.2054883006363269
-0.2412713373184838
-0.2910548640704159
-0.3565495243354442
-0.43844126060127453
-0.5352800304419797
-0.6424846769120074
-0.7520594309837063
-0.8534755685935993
-0.9358218296849354
-0.9901846159506797
-1.0117574204128972
-1.0005290429862044
-0.9608168052214776
-0.8997224507837809
-0.8251700868619429
-0.7443533095655985
-0.6626292273150582
-0.5833239573302753
-0.5079023633274418
-0.4365492812821935
-0.36878758991110216
-0.30401593243721264
-0.24198826286036568
-0.18299079396286497
-0.12929329885924845
-0.08463061278129741
-0.05053515031550393
-0.026877055653878434
-0.012596859714875425
-0.005893164125010564
-0.004368193145388277
-0.005305393445291073
-0.006227036556845811
-0.005434007447426316
-0.0024207341051219466
0.0022503957702561354
0.008832958731401505
0.024098802388350094
0.07068715283740547
0.18167602772969904
0.3714644567392916
0.6318634194877399
0.9476542927842067
1.3023331825425877
1.6773704494453092
2.050489726969316
2.3961998766638564
2.6979533934210473
2.9483387988963305
3.1446900050007
3.2876164035870823
3.3798837812276763
3.4252563153322706
3.4276829114374903
3.390977884427896
3.318680998695242
3.214243465550697
3.0814283628582726
2.9244551796671336
2.748009595354528
2.5572650189873696
2.3575199896862937
2.153930534042905
1.9510687054977738
1.7525864448238755
1.5611222164484264
1.3783231841658898
1.2050370693312917
1.041505159905186
0.8876495891951015
0.743552715170609
0.6095672425931931
0.486417721998657
0.375327399535047
0.2777059686974587
0.1957191216674007
0.13220211983752508
0.0859568210788391
0.05316878258504125
0.029850551614107313
0.013452712678084226
