[0.00296244 0.00122424 0.01156433]
[-6.26197973e-05  8.68388033e-04  7.83895412e-04]
[-0.00337859  0.00625388 -0.00445668]
[ 0.00280345 -0.00389537  0.00521622]
[ 0.02535603 -0.03099833  0.0523347 ]
[ 0.06241402 -0.06987351  0.13709877]
[ 0.10822679 -0.11154086  0.25102195]
[ 0.15613886 -0.14651872  0.3837448 ]
[ 0.20057773 -0.16745849  0.5270542 ]
[ 0.23749427 -0.16996479  0.67529358]
[ 0.26393751 -0.15246784  0.82334628]
[ 0.27772025 -0.11624469  0.96408578]
[ 0.27873714 -0.06606497  1.09103096]
[ 0.26976253 -0.00920199  1.20222343]
[0.25573659 0.04692659 1.3015321 ]
[0.24252905 0.09677139 1.39820552]
[0.23589238 0.13734703 1.50480896]
[0.24105613 0.16755632 1.63421974]
[0.2628823  0.1869122  1.79659621]
[0.30604542 0.19462684 1.99695915]
[0.37462037 0.18964737 2.23371104]
[0.47089945 0.17158778 2.49874118]
[0.5937806  0.14188932 2.77908146]
[0.73755109 0.10437316 3.05970748]
[0.89186489 0.06469795 3.32656227]
[1.04312533 0.02890203 3.56867605]
[1.17678648e+00 1.72273186e-03 3.77874221e+00]
[ 1.27975954 -0.01458474  3.95229515]
[ 1.34235571 -0.02056825  4.08639699]
[ 1.35948718 -0.01909331  4.1785066 ]
[ 1.33111887 -0.01433113  4.22605434]
[ 1.26201156 -0.01056564  4.22680871]
[ 1.16074152 -0.01113835  4.17969135]
[ 1.03809134 -0.01778897  4.08555216]
[ 0.90511334 -0.03053176  3.94747879]
[ 0.77132008 -0.04803268  3.77038043]
[ 0.64348013 -0.06828741  3.56004359]
[ 0.52524213 -0.08931692  3.32190234]
[ 0.41758742 -0.10964205  3.06017965]
[ 0.3198332  -0.12841768  2.77769996]
[ 0.23163126 -0.14572923  2.48494397]
[ 0.15344216 -0.16320911  2.20670687]
[ 0.08419444 -0.18319665  1.96161412]
[ 0.02151643 -0.2079971   1.75654636]
[-0.03726719 -0.23909733  1.5864816 ]
[-0.09375718 -0.27627044  1.43781482]
[-0.14725855 -0.31675574  1.29370852]
[-0.19437423 -0.35497069  1.13973517]
[-0.22982418 -0.38329472  0.96838564]
[-0.24830463 -0.3939894   0.78095966]
[-0.2465684  -0.38162166  0.58652754]
[-0.22462537 -0.34470964  0.39850249]
[ 0.18520996  0.28523887 -0.23047794]
[ 0.13165414  0.20577404 -0.09463751]
[ 0.06676742  0.10742207 -0.00752545]
[0.00258398 0.00438311 0.00186857]
[0.04736115 0.08906373 0.10247526]
[0.04975139 0.11882854 0.28245775]
[0.01634507 0.10037684 0.49134622]
[-0.03639106  0.05798644  0.7086936 ]
[-0.09696806  0.00866628  0.92961799]
[-0.15811951 -0.03728554  1.15670715]
[-0.21614196 -0.07440482  1.40231684]
[-0.26861706 -0.10009217  1.67899545]
[-0.31212802 -0.11256208  1.99287717]
[-0.34210856 -0.11049921  2.34465189]
[-0.35334142 -0.09342443  2.7294248 ]
[-0.34099732 -0.06222114  3.13740713]
[-0.30177703 -0.01940168  3.55531322]
[-0.23472267  0.03109164  3.96814165]
[-0.14146193  0.0844712   4.36090229]
[-0.02587609  0.13585409  4.71996488]
[0.10661516 0.18092551 5.03394061]
[0.24987517 0.2163554  5.29402987]
[0.39772252 0.23993313 5.4939489 ]
[0.54433762 0.25050908 5.62975876]
[0.6843915  0.24785283 5.69953404]
[0.81300965 0.23253638 5.70312693]
[0.92570377 0.2058783  5.64197713]
[1.01842235 0.16992635 5.5190773 ]
[1.08773615 0.12740713 5.33889102]
[1.13114905 0.08157092 5.10720774]
[1.14745882 0.03590223 4.83099872]
[ 1.1370154  -0.00628019  4.51815626]
[ 1.10175851 -0.04225859  4.17702926]
[ 1.04503992 -0.07026803  3.81608037]
[ 0.97124377 -0.08967582  3.44361343]
[ 0.88524201 -0.10094022  3.06740388]
[ 0.79187736 -0.10535366  2.69459882]
[ 0.69552038 -0.10464293  2.33163151]
[ 0.59976568 -0.10052704  1.9841243 ]
[ 0.50726588 -0.09433722  1.65668396]
[ 0.41967596 -0.0867804   1.35255303]
[ 0.33782679 -0.07791634  1.07366817]
[ 0.26160575 -0.06723553  0.81964895]
[ 0.19059667 -0.05404547  0.58923175]
[ 0.12551455 -0.03829956  0.38408345]
[ 0.06941255 -0.02162223  0.21177924]
[ 0.02727681 -0.00764614  0.08428002]
[-0.00329652  0.00048752 -0.01070986]
