5.077694092858249
3.9277768820167127
2.733142600318317
1.4288165746096078
0.12405609702256656
-0.9536533409341328
-1.6418706689120202
-1.8877050561976578
-1.7398182264894437
-1.3335923899627413
-0.9214158684166313
-0.7189497776291871
-0.6978779620028178
-0.749205768594159
-0.8528289057976907
-1.0103932645062006
-1.218607269130551
-1.469853717550726
-1.753069238154535
-2.054853818015725
-2.360712061956857
-2.6558865133841056
-2.9268053419399385
-3.161403179643016
-3.349134136584901
-3.4820835812911155
-3.555144412302054
-3.5672085202039505
-3.5215215242650446
-3.4256976490070334
-3.290800178371671
-3.1291862744443435
-2.952541208711682
-2.7696106419164463
-2.585019992280848
-2.3991177080898467
-2.208171333044633
-2.0061812685978104
-1.8224445245164698
-1.779697484699739
-1.9858879722206002
-2.393584531901392
-2.927813024901936
-3.575162468154539
-4.311989098819307
-5.083017199170414
-5.797343639433814
-6.335896888101179
-6.571847657250538
-6.397684443557097
-5.755190454748686
-4.661762108120102
-2.7679801706998663
-1.2915429288493223
0.1626993869172315
1.3840446127871275
2.2658956088534032
2.8503953907603767
3.200647970743077
3.3857078079185294
3.4629572887827953
3.5367255996107816
3.733811329348303
4.051507367121977
4.394047454639349
4.715993741908753
5.009862950529957
5.270457631361531
5.494467227897546
5.678830095929287
5.820836161366469
5.917276364203931
5.965148518661477
5.96167372280292
5.9049335860175205
5.7945624954408945
5.631939712536152
5.4201509691401
5.163996181073197
4.869726804063503
4.543981286979752
4.193673875912432
3.825307715636802
3.4447607292996385
3.0568407757296514
2.665936240200137
2.275880119244633
1.8898621220276783
1.5118739011864604
1.172778737713825
1.022773801668559
1.227035095724815
1.7198526588139247
2.3670001797280937
3.1377568218243503
4.001012771821713
4.8654825192055196
5.576529420190463
5.948899442130356
5.749677431035544
