debug/Fz_QSM_w_2_phi120.txt3.65109192637508
3.767303625414762
3.9035309551319974
3.790239026612697
3.2490905694292023
2.3494440688581992
1.2547088946511618
0.16930160000562294
-0.7180282708878929
-1.2823240306241277
-1.484387747888122
-1.3644426757489954
-1.0331724977784522
-0.7177901516101453
-0.6349006102216418
-0.7623883011781949
-0.9785046523181564
-1.2456627238610287
-1.5489845037152974
-1.8708201664834234
-2.1919019888102222
-2.493345217858496
-2.7583673767754107
-2.972710239305435
-3.12589486415258
-3.2113883438379762
-3.227295586339685
-3.1766732557692157
-3.0674527023764058
-2.912007381994749
-2.725124768832517
-2.5223169651923736
-2.3168389690307083
-2.1178690566266574
-1.9292841073811673
-1.7494191948574327
-1.5723136812908325
-1.3890421518698008
-1.1903544860723496
-0.968498639031884
-0.719684678263374
-0.48125706694357295
-0.3908992573970168
-0.5683390566787421
-0.9606447571615846
-1.4791154669992832
-2.096847114305616
-2.7803895903211533
-3.467193580552154
-4.061604618995049
-4.451691471460747
-4.528369181127445
-4.21270960034938
-3.494014770216943
-2.4573857800973795
-1.1420113948043173
0.01747299601242601
1.079212992821363
2.029112786895725
2.8492186874422516
3.5096637743654466
3.9880519936482477
4.277504585690975
4.386743986471281
4.395974049974211
4.451842291474386
4.592543101899853
4.742693371533353
4.865412847914499
4.958905216980347
5.021343359879825
5.050021887590691
5.041925829607262
4.994167795325573
4.904522627603864
4.772415198114698
4.5990465268985865
4.387255503047674
4.141450867524214
3.867222762763364
3.5706319875164096
3.2577608112310306
2.9338733708867624
2.603255647383331
2.2693061029317216
1.934732535878247
1.6017568535495121
1.2722093483138905
0.948671473167152
0.6349113052526176
0.3350809373493605
0.054605022616714745
-0.17309458452261878
-0.1963217741156622
0.1366674569806228
0.7241453656935828
1.3926241554195735
2.0792140039924147
2.7367175574583755
3.2918339969195927
