3.6510919263750803
3.767303625414762
3.9035309551319974
3.7902390266126975
3.2490905694292014
2.3494440688581997
1.2547088946511615
0.1693016000056231
-0.7180282708878929
-1.2823240306241277
-1.4843877478881227
-1.3644426757489951
-1.0331724977784524
-0.7177901516101453
-0.6349006102216418
-0.7623883011781951
-0.9785046523181563
-1.2456627238610285
-1.5489845037152974
-1.8708201664834234
-2.1919019888102227
-2.4933452178584954
-2.7583673767754107
-2.972710239305435
-3.1258948641525794
-3.2113883438379762
-3.2272955863396855
-3.1766732557692157
-3.067452702376406
-2.912007381994749
-2.725124768832517
-2.522316965192374
-2.3168389690307087
-2.117869056626657
-1.929284107381168
-1.7494191948574327
-1.572313681290833
-1.3890421518698006
-1.19035448607235
-0.968498639031884
-0.7196846782633738
-0.48125706694357273
-0.3908992573970171
-0.5683390566787417
-0.9606447571615849
-1.4791154669992832
-2.096847114305617
-2.7803895903211533
-3.4671935805521548
-4.061604618995049
-4.451691471460747
-4.528369181127445
-4.21270960034938
-3.494014770216943
-2.45738578009738
-1.1420113948043171
0.01747299601242558
1.0792129928213634
2.029112786895725
2.8492186874422516
3.5096637743654457
3.988051993648248
4.277504585690974
4.3867439864712825
4.39597404997421
4.451842291474387
4.592543101899853
4.742693371533353
4.865412847914499
4.958905216980347
5.021343359879825
5.05002188759069
5.041925829607263
4.9941677953255725
4.904522627603864
4.772415198114698
4.5990465268985865
4.387255503047674
4.141450867524214
3.8672227627633644
3.57063198751641
3.25776081123103
2.933873370886763
2.6032556473833313
2.2693061029317216
1.9347325358782472
1.601756853549512
1.27220934831389
0.9486714731671515
0.6349113052526174
0.33508093734935995
0.05460502261671434
-0.1730945845226187
-0.19632177411566212
0.1366674569806228
0.7241453656935828
1.3926241554195735
2.0792140039924147
2.736717557458376
3.2918339969195927
