0.5497570426229855
0.5357715660873547
0.4671452622247714
0.38557025180700727
0.3064735123881032
0.21667461943046917
0.04846044891768669
-1.835965002289558
0.7776123416671744
0.539039798779956
0.49667185987775314
0.5124244943597046
0.5202490065175646
0.3039817416062218
0.2766041884022214
0.3613192809882275
0.44002131643300607
0.5156752196071768
0.5553310565592332
0.5769026816056007
0.5983104629218532
0.618795292818759
0.637885604554763
0.6519944290028149
0.6574245107276788
0.6661806709114219
0.6822425039100196
0.7012436477056544
0.7212040027466593
0.735086532832694
0.7499546662075098
0.763907931215035
0.7766213226876675
0.7857876199128939
0.7932391233973979
0.8009795577605353
0.8093899303575585
0.822290660746238
0.8350118891667812
0.8575852675404556
0.8908656010943979
0.9015242865308907
0.8781085305338701
0.9390360411820616
0.794520985499908
0.6997722960918736
0.6313351716335502
0.5799537235029997
0.5491015416209541
0.5371478766435319
0.5356732572309095
0.5357166576045114
0.5292218475000758
0.510594676006418
0.46080279551670117
0.3234109993986108
22.358585490145305
0.966409513764939
0.7589252981136682
0.6657187074311142
0.6159161705625407
0.6035101069175468
0.6146892480549949
0.624101992280779
0.6139427913577714
0.6266524597176187
0.6255186754116011
0.6195224046400453
0.6145854422923672
0.6077480776142323
0.6041577083884695
0.6012107300949391
0.6014569488751655
0.6028909823203703
0.604154713645169
0.6078283053137183
0.6121823668875488
0.6171492933019989
0.623410082317332
0.6301625836026095
0.637878037726906
0.6470323905064902
0.6568940891145791
0.6690409333411206
0.6847608750018296
0.7034102796186961
0.7308616400003586
0.7694914945163664
0.8325939754823881
0.9481587317898997
1.2555771709494536
4.524431232237395
-0.4929711773579957
0.30433178146693285
-1.3665865517618057
0.04044424759273307
0.3382334927369544
0.41625892182230384
0.4350556392406587
0.4284766995812405
