[ 0.        -0.5495969  0.       ]
[ 0.        -0.5356316  0.       ]
[ 0.         -0.46704656  0.        ]
[ 0.         -0.38551001  0.        ]
[ 0.         -0.30644517  0.        ]
[ 0.         -0.21667603  0.        ]
[ 0.         -0.04847254  0.        ]
[0.         1.84195084 0.        ]
[ 0.         -0.77686274 -0.        ]
[ 0.       -0.538736 -0.      ]
[ 0.         -0.49645719 -0.        ]
[ 0.         -0.51224908 -0.        ]
[ 0.         -0.52012807 -0.        ]
[ 0.        -0.3039603 -0.       ]
[ 0.         -0.27661845 -0.        ]
[ 0.         -0.36134188 -0.        ]
[ 0.         -0.44004424 -0.        ]
[ 0.         -0.51569779 -0.        ]
[ 0.         -0.55535211 -0.        ]
[ 0.         -0.57692236 -0.        ]
[ 0.         -0.59832956 -0.        ]
[ 0.         -0.61881447 -0.        ]
[ 0.         -0.63790538 -0.        ]
[ 0.         -0.65201515 -0.        ]
[ 0.         -0.65744634 -0.        ]
[ 0.         -0.66620412 -0.        ]
[ 0.         -0.68226825 -0.        ]
[ 0.         -0.70127227 -0.        ]
[ 0.         -0.72123606 -0.        ]
[ 0.         -0.73512226 -0.        ]
[ 0.         -0.74999456 -0.        ]
[ 0.         -0.76395232 -0.        ]
[ 0.         -0.77667035 -0.        ]
[ 0.         -0.78584109 -0.        ]
[ 0.         -0.79329682 -0.        ]
[ 0.         -0.80104142 -0.        ]
[ 0.        -0.8094562 -0.       ]
[ 0.         -0.82236256 -0.        ]
[ 0.         -0.83509153 -0.        ]
[ 0.         -0.85767835 -0.        ]
[ 0.         -0.89098473 -0.        ]
[ 0.         -0.90165828 -0.        ]
[ 0.         -0.87807974 -0.        ]
[ 0.        -0.9387563 -0.       ]
[ 0.         -0.79423341 -0.        ]
[ 0.         -0.69953231 -0.        ]
[ 0.         -0.63114263 -0.        ]
[ 0.         -0.57979925 -0.        ]
[ 0.         -0.54897381 -0.        ]
[ 0.        -0.5370378 -0.       ]
[ 0.         -0.53557558 -0.        ]
[ 0.         -0.53562919 -0.        ]
[ 0.         -0.52914477 -0.        ]
[ 0.         -0.51053059 -0.        ]
[ 0.         -0.46076048 -0.        ]
[ 0.         -0.32340878 -0.        ]
[  0.         -22.08367325   0.        ]
[ 0.        -0.9660427  0.       ]
[ 0.         -0.75872024  0.        ]
[ 0.         -0.66557405  0.        ]
[ 0.         -0.61580808  0.        ]
[ 0.         -0.60342809  0.        ]
[ 0.         -0.61463043  0.        ]
[ 0.         -0.62406802  0.        ]
[ 0.         -0.61393134  0.        ]
[ 0.         -0.62665316  0.        ]
[ 0.         -0.62552317  0.        ]
[ 0.         -0.61952834  0.        ]
[ 0.        -0.6145927  0.       ]
[ 0.         -0.60775651  0.        ]
[ 0.         -0.60416726  0.        ]
[ 0.         -0.60122131  0.        ]
[ 0.         -0.60146854  0.        ]
[ 0.         -0.60290356  0.        ]
[ 0.         -0.60416824  0.        ]
[ 0.         -0.60784285  0.        ]
[ 0.         -0.61219797  0.        ]
[ 0.         -0.61716602  0.        ]
[ 0.         -0.62342805  0.        ]
[ 0.         -0.63018191  0.        ]
[ 0.         -0.63789889  0.        ]
[ 0.         -0.64705499  0.        ]
[ 0.        -0.6569187  0.       ]
[ 0.         -0.66906799  0.        ]
[ 0.         -0.68479103  0.        ]
[ 0.        -0.7034445  0.       ]
[ 0.         -0.73090177  0.        ]
[ 0.         -0.76954087  0.        ]
[ 0.         -0.83266003  0.        ]
[ 0.         -0.94826175  0.        ]
[ 0.         -1.25581284  0.        ]
[ 0.         -4.52916145  0.        ]
[0.         0.49285771 0.        ]
[ 0.        -0.3044019 -0.       ]
[0.         1.36421677 0.        ]
[ 0.         -0.04041763  0.        ]
[ 0.         -0.33806515  0.        ]
[ 0.         -0.41608532  0.        ]
[ 0.         -0.43489815  0.        ]
[ 0.         -0.42833876  0.        ]
