0.43925906593160174
0.4234265645410658
0.3614695089642631
0.23071481016528958
-1.9286285659003526
0.69824604798117
0.5954892476498344
0.5759945620059977
0.6172784271731353
0.7613398825297625
0.8663217658614499
0.9465996373927111
0.8343507822110423
0.6357371373057951
0.498350828900241
0.45285602189067614
0.4896644500747758
0.5846910775622408
0.6629833126924745
0.6873829940998731
0.6924466956466676
0.7020410041573354
0.70688136406405
0.7178455382288795
0.7253120135111966
0.7127194234485116
0.7005425905328962
0.7081152739034725
0.7217721932632725
0.7316246102119174
0.7309156648000902
0.727308405719213
0.7267298317603321
0.7288341293595411
0.7245032249743951
0.7184127475610813
0.7139684313453432
0.708093341715077
0.6864655271066961
0.6672454415936294
0.7052518451215258
0.695195503860713
0.6762713306900957
0.6516878507027348
0.6249502862184578
0.6038572774375824
0.5918333801951909
0.5837227371154968
0.5778998906524734
0.5741728194475383
0.5744240615991307
0.5793329248941664
0.6917448405608498
0.812488033453385
-1.2710030954048237
0.3743795266625689
0.4818638323148159
0.5385805434336761
0.5954842943113944
0.6644170363561761
0.7180792685409433
0.726777764298833
0.7492698462111474
0.7391318711837257
0.7128017335536966
0.6847130650203478
0.6591590667804212
0.6402513690240509
0.6285770608431435
0.616943029495235
0.6035544508372398
0.5903565459792326
0.5878578123905595
0.5901513344938291
0.5906308053847248
0.590542693730699
0.5917755924922409
0.5942541030038149
0.5975120960982007
0.601977285303122
0.6060142494842848
0.6102449963412575
0.6138651187666695
0.6178079749756356
0.6224305842775345
0.6281149220001452
0.6362058434801088
0.6474232022254116
0.6620724151995759
0.6666871698742552
0.8430518128636911
0.9902616928706479
0.9136473753688713
0.810728619474943
0.710339586422611
0.6246208493176908
0.5565573945404175
0.49657138526321304
0.4372974797977692
0.38499658545884585
