[0.0477349  0.64967948 2.26536059]
[0.09404271 0.77941643 1.58297137]
[0.08724695 0.65575436 0.83377285]
[0.04424044 0.34391356 0.18738694]
[-0.01711998 -0.04699822 -0.28668938]
[-0.08309946 -0.40481211 -0.57579214]
[-0.16304296 -0.6816202  -0.75597583]
[-0.21495635 -0.78208874 -0.84293664]
[-0.24197096 -0.75170891 -0.87830302]
[-0.26644735 -0.68126736 -0.88183428]
[-0.25432746 -0.48764439 -0.79030521]
[-0.22041247 -0.38010696 -0.70893724]
[-0.19749645 -0.31144119 -0.64764146]
[-0.16910039 -0.22506946 -0.58078794]
[-0.15703301 -0.17771638 -0.53875801]
[-0.18041885 -0.18905461 -0.53666436]
[-0.25743322 -0.27206993 -0.58065985]
[-0.41278877 -0.43768868 -0.67194351]
[-0.62139199 -0.63156194 -0.78337767]
[-0.81990418 -0.7692947  -0.88932115]
[-1.01443941 -0.8704806  -0.95971135]
[-1.23696401 -0.96044234 -1.02112546]
[-1.45318569 -1.00693176 -1.06443795]
[-1.67213101 -1.02769508 -1.10478335]
[-1.87816074 -1.01392529 -1.15263234]
[-2.00877749 -0.93668165 -1.14856527]
[-2.08595399 -0.8195406  -1.12132551]
[-2.1622871  -0.7043419  -1.11277418]
[-2.22440518 -0.5875385  -1.1257964 ]
[-2.23997624 -0.45839382 -1.10590571]
[-2.18634439 -0.31478335 -1.07886013]
[-2.08497837 -0.17459799 -1.03995451]
[-1.96818346 -0.04603781 -0.9934025 ]
[-1.8502087   0.06486346 -0.95079362]
[-1.715281    0.16204116 -0.90378517]
[-1.56395734  0.24248838 -0.85579145]
[-1.41183959  0.30712985 -0.79771523]
[-1.257047    0.35376085 -0.73810629]
[-1.09428473  0.38100152 -0.67457684]
[-0.94413852  0.38773123 -0.61003964]
[-1.07493424  0.41722345 -0.65922155]
[-1.29226956  0.50178839 -0.76379515]
[-1.52594367  0.62381103 -0.91795807]
[-1.75814347  0.76840177 -1.14943525]
[-1.95623857  0.90591691 -1.4752171 ]
[-2.10213043  0.99929672 -1.90309801]
[-2.17636655  1.01471677 -2.41388889]
[-2.13388017  0.91732586 -2.95048734]
[-1.93337558  0.68856837 -3.39039899]
[-1.57604218  0.34842582 -3.60864506]
[-1.1283144  -0.01524008 -3.50970078]
[-0.68105612 -0.30866286 -3.07920333]
[-0.30390429 -0.44306608 -2.3603839 ]
[-0.0515313  -0.38590272 -1.50145669]
[ 0.06075274 -0.16787028 -0.63143488]
[0.06409665 0.12462007 0.13208656]
[6.31439869e-04 4.05214316e-01 7.31026885e-01]
[-0.09172714  0.62134026  1.18654397]
[-0.19412116  0.77083092  1.55060266]
[-0.30646254  0.8945632   1.87153102]
[-0.43370006  1.01473303  2.13441924]
[-0.54585689  1.05634211  2.26220448]
[-0.66151631  1.09727417  2.34479975]
[-0.81069344  1.19070195  2.51929686]
[-0.95439494  1.2289785   2.64612219]
[-1.08601792  1.21884052  2.73671644]
[-1.2014616   1.16990108  2.80522167]
[-1.30378275  1.09707262  2.86830144]
[-1.39666297  1.01341156  2.93911713]
[-1.47836019  0.92033826  3.01310595]
[-1.54381412  0.80796199  3.05320165]
[-1.58323511  0.67377996  3.06026583]
[-1.60327779  0.52975046  3.05995201]
[-1.63602654  0.39400924  3.08791902]
[-1.65858153  0.2513506   3.09069377]
[-1.65286289  0.09788367  3.05890391]
[-1.62020972 -0.05736947  2.99571056]
[-1.56584819 -0.20928199  2.91095317]
[-1.49419238 -0.35209001  2.80209883]
[-1.39549382 -0.48038739  2.67814065]
[-1.28456969 -0.59115546  2.52732217]
[-1.15751026 -0.67835845  2.36306425]
[-1.02435596 -0.74206576  2.18399438]
[-0.88489708 -0.77804445  1.98932654]
[-0.74663782 -0.78888363  1.78808288]
[-0.61676155 -0.77747853  1.58445788]
[-0.4945587  -0.74408474  1.38027029]
[-0.38488015 -0.69289056  1.17788485]
[-0.28563852 -0.62479483  0.98162899]
[-0.19847541 -0.54270294  0.7892738 ]
[-0.12282228 -0.45022236  0.6032789 ]
[-0.21180879 -0.49437777  0.72065991]
[-0.35534253 -0.64923091  1.02836338]
[-0.45814539 -0.79220988  1.35748627]
[-0.50349727 -0.88369754  1.71956523]
[-0.48492162 -0.87361335  2.09619298]
[-0.42015694 -0.74495208  2.47320895]
[-0.32096837 -0.48698085  2.79431998]
[-0.189198   -0.10937652  2.93051589]
[-0.05068104  0.31532344  2.75934037]
[0.05140675 0.64525272 2.28883116]
