[ 1.79157685  0.68021465 -0.94053373]
[ 1.78561867  0.74276171 -0.95735275]
[ 1.62341523  0.72701654 -0.82531682]
[ 1.33424774  0.63040953 -0.5747748 ]
[ 0.95181592  0.46853022 -0.27568322]
[ 0.53138327  0.27023163 -0.0010564 ]
[0.12049255 0.07570461 0.20586018]
[-0.24118879 -0.0846391   0.33112037]
[-0.4964523  -0.1916078   0.38644564]
[-0.64378488 -0.24525232  0.40902878]
[-0.70417223 -0.25890318  0.42719881]
[-0.67702391 -0.2395926   0.44776981]
[-0.52406114 -0.17570947  0.44816478]
[-0.21495573 -0.05171932  0.41418906]
[-0.1725691  -0.04637621  0.3964252 ]
[-0.27072776 -0.06822992  0.38474525]
[-0.42371411 -0.09703444  0.37822452]
[-0.63199422 -0.14217113  0.37810193]
[-0.84586011 -0.190867    0.37851324]
[-1.06103007 -0.23732252  0.37246324]
[-1.28932975 -0.2822348   0.3628223 ]
[-1.51682879 -0.32568748  0.34287503]
[-1.72943056 -0.36764941  0.32707623]
[-1.90492173 -0.39872284  0.31716667]
[-2.01980607 -0.41484617  0.2970327 ]
[-2.10327647 -0.42010871  0.28589042]
[-2.16499654 -0.42289746  0.2793029 ]
[-2.19034551 -0.42152841  0.27304256]
[-2.17526349 -0.4121655   0.27599826]
[-2.10476655 -0.39303013  0.27394621]
[-2.0097378  -0.36825005  0.27981181]
[-1.89481108 -0.34209791  0.27652032]
[-1.76939285 -0.31484227  0.28193493]
[-1.63630573 -0.28848766  0.28154749]
[-1.50440557 -0.26386738  0.27846132]
[-1.37713129 -0.24134314  0.26592038]
[-1.25055288 -0.21804594  0.25940644]
[-1.12226768 -0.19536664  0.24466387]
[-0.97741565 -0.16518063  0.22577923]
[-0.81805512 -0.13081373  0.20599243]
[-0.63444308 -0.0872796   0.18094129]
[-0.43521227 -0.03641818  0.15077873]
[-0.34327787 -0.05021876  0.13631835]
[-0.51506843 -0.18733121  0.13248342]
[-0.727335   -0.32708005  0.10603855]
[-0.9831078  -0.46805178  0.05753231]
[-1.26134192 -0.59660737 -0.00461833]
[-1.5492529  -0.70491034 -0.0738498 ]
[-1.84995031 -0.79958657 -0.14918774]
[-2.14235546 -0.87437177 -0.238997  ]
[-2.36889911 -0.89771105 -0.31866676]
[-2.43951542 -0.84260739 -0.36144712]
[-2.27208975 -0.70068322 -0.33904697]
[-1.84732706 -0.49838255 -0.24458529]
[-1.19680204 -0.28475807 -0.10821207]
[-0.42228827 -0.09279606  0.04274305]
[0.35793264 0.04637741 0.16570199]
[1.03090956 0.1299314  0.24057454]
[1.54406479 0.16352322 0.26930975]
[1.90997738 0.16300709 0.27651466]
[2.18115729 0.14294041 0.26601169]
[2.43178821 0.1169762  0.24223825]
[2.65811371 0.08556043 0.19899949]
[2.76397544 0.03460835 0.15538069]
[ 2.71744398 -0.03117148  0.11580628]
[ 2.80494346 -0.07332895  0.0769663 ]
[ 2.88375446 -0.11479703  0.04815836]
[ 2.94516594 -0.15007577  0.02849223]
[ 2.9935641  -0.17653692  0.0218364 ]
[ 3.01405196 -0.19851678  0.01069538]
[ 3.03145261 -0.21445435  0.00731278]
[ 3.03201778e+00 -2.26327370e-01 -2.52576020e-03]
[ 3.02716083 -0.23312229 -0.01332365]
[ 3.0049343  -0.23318701 -0.01736819]
[ 2.95670733 -0.23105504 -0.02932525]
[ 2.89434775 -0.225021   -0.03640092]
[ 2.80897538 -0.21685577 -0.03751704]
[ 2.70124283 -0.20649189 -0.03677122]
[ 2.57572202 -0.19484379 -0.03718098]
[ 2.43101323 -0.18404567 -0.03718167]
[ 2.2718578  -0.17237359 -0.03488032]
[ 2.102393   -0.1601446  -0.03460391]
[ 1.92211281 -0.14735362 -0.0349898 ]
[ 1.73687563 -0.13510458 -0.03409951]
[ 1.54943794 -0.12320469 -0.03198987]
[ 1.35672679 -0.11234405 -0.03556627]
[ 1.16672946 -0.10230269 -0.03529417]
[ 0.97519851 -0.09343012 -0.0337263 ]
[ 0.78615602 -0.08668049 -0.03120106]
[ 0.59827196 -0.08156444 -0.02887078]
[ 0.41687004 -0.07850785 -0.02546299]
[ 0.24293204 -0.07791704 -0.02162678]
[ 0.08073478 -0.07918753 -0.0176647 ]
[-0.06492967 -0.08201267 -0.01086979]
[-0.19221957 -0.0856676   0.00279682]
[ 0.02257396  0.00175841 -0.05303054]
[ 0.44284215  0.1279445  -0.21859838]
[ 0.78639311  0.24468731 -0.43952351]
[ 1.0374367   0.35011831 -0.66918508]
[ 1.18264806  0.4446198  -0.84825796]
