[-1.42538608 -5.04314557 -9.00129346]
[-1.39068864 -4.98486223 -8.91010604]
[-1.35599119 -4.92657889 -8.81891861]
[-1.32129375 -4.86829555 -8.72773119]
[-1.2865963  -4.8100122  -8.63654377]
[-1.25189886 -4.75172886 -8.54535634]
[-1.21720141 -4.69344552 -8.45416892]
[-1.18250397 -4.63516217 -8.3629815 ]
[-1.14780652 -4.57687883 -8.27179407]
[-1.11310908 -4.51859549 -8.18060665]
[-1.07841163 -4.46031214 -8.08941923]
[-1.04371419 -4.4020288  -7.9982318 ]
[-1.00901674 -4.34374546 -7.90704438]
[-0.9743193  -4.28546211 -7.81585696]
[-0.93962185 -4.22717877 -7.72466953]
[-0.90492441 -4.16889543 -7.63348211]
[-0.87022696 -4.11061209 -7.54229469]
[-0.83552952 -4.05232874 -7.45110726]
[-0.80083207 -3.9940454  -7.35991984]
[-0.76613463 -3.93576206 -7.26873241]
[-0.73143718 -3.87747871 -7.17754499]
[-0.69673974 -3.81919537 -7.08635757]
[-0.66204229 -3.76091203 -6.99517014]
[-0.62734485 -3.70262868 -6.90398272]
[-0.5926474  -3.64434534 -6.8127953 ]
[-0.55794996 -3.586062   -6.72160787]
[-0.52325251 -3.52777865 -6.63042045]
[-0.48855507 -3.46949531 -6.53923303]
[-0.45385762 -3.41121197 -6.4480456 ]
[-0.41916018 -3.35292862 -6.35685818]
[-0.38446273 -3.29464528 -6.26567076]
[-0.34976529 -3.23636194 -6.17448333]
[-0.31506784 -3.1780786  -6.08329591]
[-0.2803704  -3.11979525 -5.99210849]
[-0.24567295 -3.06151191 -5.90092106]
[-0.21097551 -3.00322857 -5.80973364]
[-0.17627806 -2.94494522 -5.71854622]
[-0.14158062 -2.88666188 -5.62735879]
[-0.10688317 -2.82837854 -5.53617137]
[-0.07218573 -2.77009519 -5.44498395]
[-0.03748828 -2.71181185 -5.35379652]
[-2.79083762e-03 -2.65352851e+00 -5.26260910e+00]
[ 0.03190661 -2.59524516 -5.17142168]
[ 0.06660405 -2.53696182 -5.08023425]
[ 0.1013015  -2.47867848 -4.98904683]
[ 0.13599894 -2.42039514 -4.89785941]
[ 0.17069639 -2.36211179 -4.80667198]
[ 0.20539383 -2.30382845 -4.71548456]
[ 0.24009128 -2.24554511 -4.62429714]
[ 0.27478872 -2.18726176 -4.53310971]
[ 0.30948617 -2.12897842 -4.44192229]
[ 0.34418361 -2.07069508 -4.35073487]
[ 0.37888106 -2.01241173 -4.25954744]
[ 0.4135785  -1.95412839 -4.16836002]
[ 0.44827595 -1.89584505 -4.0771726 ]
[ 0.48297339 -1.8375617  -3.98598517]
[ 0.51767084 -1.77927836 -3.89479775]
[ 0.55236828 -1.72099502 -3.80361033]
[ 0.58706573 -1.66271167 -3.7124229 ]
[ 0.62176317 -1.60442833 -3.62123548]
[ 0.65646062 -1.54614499 -3.53004805]
[ 0.69115806 -1.48786165 -3.43886063]
[ 0.72585551 -1.4295783  -3.34767321]
[ 0.76055295 -1.37129496 -3.25648578]
[ 0.7952504  -1.31301162 -3.16529836]
[ 0.82994784 -1.25472827 -3.07411094]
[ 0.86464529 -1.19644493 -2.98292351]
[ 0.89934273 -1.13816159 -2.89173609]
[ 0.93404018 -1.07987824 -2.80054867]
[ 0.96873762 -1.0215949  -2.70936124]
[ 1.00343507 -0.96331156 -2.61817382]
[ 1.03813251 -0.90502821 -2.5269864 ]
[ 1.07282996 -0.84674487 -2.43579897]
[ 1.1075274  -0.78846153 -2.34461155]
[ 1.14222485 -0.73017819 -2.25342413]
[ 1.17692229 -0.67189484 -2.1622367 ]
[ 1.21161974 -0.6136115  -2.07104928]
[ 1.24631718 -0.55532816 -1.97986186]
[ 1.28101463 -0.49704481 -1.88867443]
[ 1.31571207 -0.43876147 -1.79748701]
[ 1.35040952 -0.38047813 -1.70629959]
[ 1.38510696 -0.32219478 -1.61511216]
[ 1.41980441 -0.26391144 -1.52392474]
[ 1.45450185 -0.2056281  -1.43273732]
[ 1.4891993  -0.14734475 -1.34154989]
[ 1.52389674 -0.08906141 -1.25036247]
[ 1.55859419 -0.03077807 -1.15917505]
[ 1.59329163  0.02750528 -1.06798762]
[ 1.62798908  0.08578862 -0.9768002 ]
[ 1.66268652  0.14407196 -0.88561278]
[ 1.69738397  0.2023553  -0.79442535]
[ 1.73208141  0.26063865 -0.70323793]
[ 1.76677885  0.31892199 -0.61205051]
[ 1.8014763   0.37720533 -0.52086308]
[ 1.83617374  0.43548868 -0.42967566]
[ 1.87087119  0.49377202 -0.33848824]
[ 1.90556863  0.55205536 -0.24730081]
[ 1.94026608  0.61033871 -0.15611339]
[ 1.97496352  0.66862205 -0.06492597]
[2.00966097 0.72690539 0.02626146]
