[ 1.95144262  0.72616611 -0.4707417 ]
[ 1.92822867  0.76062512 -0.60003072]
[ 1.70733434  0.71383869 -0.64855355]
[ 1.33600513  0.59349042 -0.60898169]
[ 0.88042081  0.423038   -0.49736647]
[ 0.41449738  0.23205462 -0.36019024]
[-0.01345463  0.05604185 -0.24352893]
[-0.37101769 -0.08114828 -0.17532066]
[-0.61173554 -0.16855739 -0.1728777 ]
[-0.7401271  -0.2097794  -0.22386758]
[-0.77867776 -0.21820051 -0.30238667]
[-0.72851891 -0.20133043 -0.38077559]
[-0.5525935  -0.15039627 -0.4223588 ]
[-0.22273162 -0.05286437 -0.40991391]
[-0.17616833 -0.05062412 -0.39431675]
[-0.27546561 -0.0623736  -0.38236891]
[-0.43056295 -0.07527917 -0.37543536]
[-0.64235743 -0.09816359 -0.3746081 ]
[-0.86019924 -0.1226654  -0.37442258]
[-1.07928121 -0.14292276 -0.36818583]
[-1.31143789 -0.15834098 -0.35878475]
[-1.54287031 -0.16992098 -0.33923924]
[-1.75952284 -0.1801166  -0.32359297]
[-1.93819052 -0.18256766 -0.31366853]
[-2.0550399  -0.17549984 -0.29317765]
[-2.13936485 -0.16118542 -0.28130743]
[-2.20179823 -0.14672907 -0.27316211]
[-2.22762195 -0.13249772 -0.26456881]
[-2.21225918 -0.11650873 -0.26488064]
[-2.14057742 -0.09870652 -0.26028209]
[-2.04372005 -0.08031325 -0.26402068]
[-1.92681794 -0.06376144 -0.25905711]
[-1.79930655 -0.04963365 -0.26343205]
[-1.66419529 -0.03833353 -0.2626312 ]
[-1.53038364 -0.02954259 -0.25972289]
[-1.40124901 -0.0223391  -0.24789703]
[-1.27261486 -0.01601034 -0.24272071]
[-1.14219639 -0.01095069 -0.22974064]
[-0.99396015 -0.00236324 -0.21363495]
[-0.83057016  0.00638933 -0.197159  ]
[-0.64114233  0.01842561 -0.17740494]
[-0.43386495  0.03318282 -0.15533942]
[-0.34324971  0.00275352 -0.14531472]
[-0.53339585 -0.09831461 -0.15415392]
[-0.76139524 -0.19414927 -0.17269943]
[-1.02874353 -0.28553113 -0.22145453]
[-1.30702367 -0.36854753 -0.32063526]
[-1.57409264 -0.44426976 -0.47685813]
[-1.82787485 -0.524761   -0.68367479]
[-2.05335752 -0.6092552  -0.90766927]
[-2.19606931 -0.67686102 -1.11276923]
[-2.18792281 -0.70056207 -1.23047686]
[-1.97561211 -0.65490725 -1.19848026]
[-1.55971983 -0.53487779 -1.00100161]
[-0.98005456 -0.35715732 -0.66110805]
[-0.30196725 -0.14666242 -0.27581038]
[0.38779581 0.05586442 0.06494119]
[1.00336364 0.22153633 0.28585987]
[1.49540079 0.33248816 0.36963736]
[1.86670285 0.39150698 0.3364343 ]
[2.14835497 0.41641344 0.24456504]
[2.40399458 0.43101244 0.14489664]
[2.62970132 0.43809947 0.07231636]
[2.73835137 0.40718229 0.02314051]
[2.69900027 0.33803656 0.00365529]
[2.78973063 0.31003899 0.01695775]
[2.87272104 0.27848704 0.03815985]
[2.93820494 0.24782463 0.05358781]
[2.99021201 0.22077427 0.0543962 ]
[3.01376525 0.19439854 0.05882821]
[3.03368335 0.17162962 0.05529622]
[3.03612745 0.15131844 0.05826781]
[3.03250134 0.13513887 0.06244455]
[3.0109388  0.12228125 0.06002339]
[2.9630905  0.10984401 0.0662843 ]
[2.90080905 0.09920349 0.06836599]
[2.81545521 0.08781127 0.06540494]
[2.70759165 0.07672787 0.06135248]
[2.58182224 0.06619417 0.05918404]
[2.43697909 0.05396812 0.05745384]
[2.27762773 0.04216683 0.05386133]
[2.10787676 0.03152019 0.05255532]
[1.92724407 0.02189568 0.05201826]
[1.74168458 0.0125375  0.05030521]
[1.55393203 0.0038812  0.04733781]
[ 1.36091075 -0.00431402  0.04997031]
[ 1.17066264 -0.01224582  0.04866369]
[ 0.97895428 -0.02037204  0.0459596 ]
[ 0.78985816 -0.02938641  0.04229459]
[ 0.60199672 -0.03888414  0.03877616]
[ 0.42072    -0.04915378  0.03422078]
[ 0.2470567  -0.06063613  0.02900007]
[ 0.08533069 -0.07256236  0.02354124]
[-0.05974692 -0.0843973   0.01917012]
[-0.1867422  -0.09530724  0.01841204]
[0.02982825 0.00708332 0.04883663]
[0.47462651 0.16137752 0.0946107 ]
[0.87613538 0.30065088 0.11602914]
[1.20964412 0.41913943 0.08803208]
[1.43247692 0.51366615 0.00645916]
