[ 1.09179596 -0.95533786 -0.94620883]
[ 0.91395682 -0.95427686 -1.11983866]
[ 0.72046882 -0.95752177 -1.25063053]
[ 0.53144252 -0.96509192 -1.33647538]
[ 0.36475165 -0.97683227 -1.38302384]
[ 0.23266845 -0.9923983  -1.40036103]
[ 0.14071967 -1.01125855 -1.3991262 ]
[ 0.08828286 -1.03271425 -1.3876986 ]
[ 0.06998638 -1.05593847 -1.37116588]
[ 0.07721245 -1.08002748 -1.35187976]
[ 0.09949214 -1.10406088 -1.33084593]
[ 0.12763991 -1.12716149 -1.3088984 ]
[ 0.15999786 -1.14854992 -1.28655889]
[ 0.19672676 -1.16758845 -1.26413441]
[ 0.23787957 -1.18381074 -1.24177512]
[ 0.28337775 -1.19693677 -1.21944226]
[ 0.33300037 -1.20687159 -1.19690088]
[ 0.38639009 -1.21368799 -1.17373939]
[ 0.44307127 -1.21759154 -1.14941667]
[ 0.50248283 -1.2188703  -1.12332818]
[ 0.56401671 -1.21783142 -1.09488436]
[ 0.62705777 -1.21473123 -1.06359136]
[ 0.69102233 -1.20970895 -1.02912214]
[ 0.7553874  -1.20273454 -0.99137253]
[ 0.8197107  -1.19358097 -0.950494  ]
[ 0.88363718 -1.1818273  -0.90690108]
[ 0.94689437 -1.1668929  -0.86125026]
[ 1.00927422 -1.14809797 -0.81439338]
[ 1.07060606 -1.1247399  -0.76730881]
[ 1.13072423 -1.0961732  -0.72101804]
[ 1.18943557 -1.06188159 -0.67649871]
[ 1.24649316 -1.02153352 -0.63460544]
[ 1.30158178 -0.97501681 -0.59600931]
[ 1.35431845 -0.92245148 -0.5611638 ]
[ 1.40426859 -0.8641828  -0.53029974]
[ 1.45097548 -0.80075726 -0.50344609]
[ 1.49399725 -0.73288573 -0.48046929]
[ 1.53294611 -0.66139579 -0.46112021]
[ 1.56752103 -0.58718143 -0.44507953]
[ 1.59753868 -0.51114995 -0.43196748]
[ 1.62371605 -0.43417682 -0.41837385]
[ 1.64816723 -0.35707145 -0.395025  ]
[ 1.67244014 -0.28055812 -0.35246433]
[ 1.69647948 -0.20527441 -0.28252396]
[ 1.71771634 -0.13178593 -0.17911745]
[ 1.73054763 -0.06061714 -0.03912125]
[1.72663416 0.0077141  0.13665641]
[1.69626439 0.0726574  0.34264856]
[1.63068476 0.1335995  0.56834707]
[1.52483171 0.18984776 0.79927847]
[1.37953333 0.24062937 1.01930628]
[1.20224579 0.28510985 1.21380288]
[1.00589675 0.32242564 1.37266654]
[0.80620638 0.35172655 1.49208569]
[0.61849084 0.37221876 1.57445936]
[0.45504011 0.38320678 1.626681  ]
[0.32370132 0.38412448 1.65760847]
[0.22765938 0.37456135 1.67567151]
[0.16597861 0.35428095 1.68728661]
[0.13439313 0.32323719 1.69630664]
[0.12606378 0.28158858 1.70435202]
[0.13225801 0.22971038 1.71164861]
[0.14377004 0.16820028 1.71785879]
[0.1571793  0.09787773 1.72212503]
[0.17226378 0.01976935 1.72334975]
[ 0.18890873 -0.06491756  1.72049388]
[ 0.20710936 -0.154832    1.71263912]
[ 0.2269795  -0.24852343  1.69903396]
[ 0.24873923 -0.34448683  1.67912406]
[ 0.27268641 -0.44120598  1.65256752]
[ 0.29915754 -0.53718969  1.6192381 ]
[ 0.32848585 -0.63100298  1.57921889]
[ 0.3609615  -0.72129147  1.53279007]
[ 0.39679977 -0.80680432  1.480411  ]
[ 0.43611683 -0.88641374  1.42269912]
[ 0.47891497 -0.95913587  1.36040392]
[ 0.5250747 -1.0241515  1.2943764]
[ 0.57435255 -1.08082596  1.22553433]
[ 0.62638373 -1.12872698  1.15482415]
[ 0.68068893 -1.16763758  1.08318284]
[ 0.73668755 -1.19756283  1.01150123]
[ 0.79371597 -1.21872754  0.94059458]
[ 0.85105358 -1.23156448  0.87118123]
[ 0.90795476 -1.23669252  0.80387173]
[ 0.96368557 -1.23488539  0.73916723]
[ 1.0175597  -1.22703241  0.67746861]
[ 1.06897306 -1.21409485  0.61908827]
[ 1.11742969 -1.19706099  0.56426579]
[ 1.16255715 -1.17690445  0.51318299]
[ 1.20411073 -1.15454967  0.4659747 ]
[ 1.24196527 -1.13084759  0.42273633]
[ 1.27663294 -1.10656342  0.38174039]
[ 1.31032531 -1.08237581  0.33393142]
[ 1.34410256 -1.05888656  0.26860298]
[ 1.37633012 -1.03663569  0.17635712]
[ 1.40176563 -1.01612031  0.05052365]
[ 1.41138658 -0.99781014 -0.11118839]
[ 1.39367001 -0.98215753 -0.30504178]
[ 1.33756208 -0.96959766 -0.52039222]
[ 1.2364826  -0.96053809 -0.74059256]
