2.007213499788623
2.0184141633150356
1.823515991637649
1.4614034158998037
0.99576019888003
0.5090648994930234
0.06080375629580975
-0.31083181244194935
-0.5583476451083667
-0.691223687438332
-0.7372536235233429
-0.6991738482034814
-0.5375069655305105
-0.21819510039424597
-0.17561616800643234
-0.2754655928155416
-0.4305629052488561
-0.6423573986835099
-0.8601992010420956
-1.0792811708461232
-1.3114378936043747
-1.5428702841830004
-1.7595228417185185
-1.9381905150667684
-2.055039901651674
-2.139364841455103
-2.2017982216821417
-2.227621941444602
-2.212259167189921
-2.1405774100137305
-2.0437200363836077
-1.9268179347486916
-1.7993065445829606
-1.664195285293827
-1.5303836341235684
-1.4012490130346982
-1.2726148610002233
-1.1421963888653948
-0.9939601481934256
-0.8305701644667254
-0.641142323499529
-0.4338649339142537
-0.3432519724996755
-0.5336908578327533
-0.763252419175342
-1.0350440265270924
-1.3238133327994506
-1.6124972956957326
-1.9038413401794634
-2.181682296858752
-2.3846520707044387
-2.425922802112873
-2.229457957678205
-1.7840253395605588
-1.132370237131862
-0.36933904651826577
0.39067147511279493
1.042961703641298
1.5399450267010941
1.8967781817926315
2.1616586718692385
2.4068296850793898
2.629336077330178
2.737775661582453
2.6988765789774947
2.789757922227344
2.8727214778710817
2.9382048020027463
2.990211907070498
3.0137651126909937
3.0336832973366534
3.0361273460338216
3.032501325930472
3.010938727996593
2.9630904636462647
2.9008090421234902
2.8154551882627374
2.7075916332411776
2.581822226236456
2.4369790875497825
2.2776277256418895
2.1078767653891766
1.9272440755461795
1.7416845880508867
1.5539320326905177
1.3609107540495067
1.1706626408670107
0.9789542727717483
0.7898581532709728
0.6019966979873919
0.4207199753562012
0.24705666976409352
0.08533064112640848
-0.05974695525736827
-0.18676790877320423
0.02928751446324149
0.4710321321574136
0.8654913795397179
1.1906244063811877
1.4104741665694305
