2.0085751856063294
2.0101884211030323
2.0201220816443617
2.0253562603566153
2.0291795692960033
2.032345440480206
2.036357742506019
2.0383763013600573
2.040059055288107
2.0403087904285426
2.0407859976896847
2.0416026117101085
2.041930860818363
2.0415758160730393
2.038953900461901
2.036223737022465
2.033568293098896
2.0316964729365474
2.0290700154670844
2.024761258517382
2.0198271391045024
2.016872413604183
2.013355545912448
2.011187999438258
2.0065315887768036
2.0001041952397043
1.9917225868485715
1.9841519037946067
1.9763221690847828
1.9679441519875194
1.9588584661222979
1.9483517258778122
1.9359164976530459
1.9245638343220306
1.912380076303879
1.8995286233368913
1.8861858013487232
1.8734565935419112
1.857875623036129
1.8415596238795506
1.8262454696685493
1.8124678583864506
1.7997298014157415
1.7842171944643648
1.7697276334646215
1.7568199076105446
1.7410242801457023
1.7236624709226467
1.7054689898320254
1.6895883297146046
1.6710516542114553
1.6520223423687879
1.6333895583657148
1.613116423341885
1.5919323044982123
1.5721220882447802
1.5502418259168935
1.528216269282939
1.505082844738338
1.4814288307570926
1.4601675140746793
1.4404756390991758
1.419765686940108
1.3980689927293908
1.3772084243005447
1.35466153676266
1.3328734588865632
1.3099315355657961
1.2871955078922415
1.2643512597805326
1.239529845393857
1.2150572834790676
1.1910610666037942
1.1646205961693885
1.1407617767774754
1.1151190144375318
1.0893503111774936
1.06448164685162
1.037533100800622
1.0117700170219979
0.9886455759534912
0.9653911938289116
0.9415303466924707
0.9180875253874179
0.8939414467306207
0.8702698045827951
0.8455642854087191
0.8209236067417404
0.7962803816543149
0.771363966316727
0.7463224699457964
0.7214261409861317
0.69670995391328
0.672014779429568
0.6476443787138104
0.6220755484665367
0.5966359982921967
0.5710589056094262
0.5449543554741746
0.5195858228713579
0.49578104641428594
0.4724574532349703
0.44898701232228366
0.42606071219725533
0.40429354832016
0.3819311363618998
0.3592071388024622
0.33613014747029885
0.31291585090489776
0.2904091456892706
0.26784268346787726
0.24557861741813153
0.22358086699374524
0.20134223491611045
0.17898498959958925
0.15574804223518363
0.1320739823655682
0.10863261847805118
0.08585691053843052
0.06500425713667331
0.044225586971044464
0.02316867785195944
0.001986284263926953
-0.01906724132928839
-0.03945859574129966
-0.05858982938703983
-0.07736705433796552
-0.09570291509192606
-0.11428690996270859
-0.13302452703388792
-0.15199459298328988
-0.17072337820818795
-0.18858011646920286
-0.20626373487019822
-0.22397728185286872
-0.24203383343028487
-0.26076852843868636
-0.2785513911598856
-0.29513238221824767
-0.311175053054038
-0.3270794975510692
-0.3438169685419373
-0.36073162931194613
-0.37577945737224133
-0.3887630403968257
-0.40149557465378094
-0.41354680055365894
-0.4266598955573775
-0.44010093914056175
-0.4526955561054768
-0.4642826473781075
-0.47465536029876076
-0.4847501276696656
-0.496177174716878
-0.5084816200490548
-0.5185312791607146
-0.5279606856835224
-0.5376488445303454
-0.54918682573153
-0.5611467805423763
-0.57206071154074
-0.5814066910879631
-0.5894474918662147
-0.5971284433208504
-0.6039031575139842
-0.6109252809124558
-0.6180002166089047
-0.6238333675237258
-0.6299799235835719
-0.6352814637659562
-0.6411321495343533
-0.6478637549179739
-0.653737488039665
-0.6583048090354731
-0.662267143656089
-0.6666479403709772
-0.673563411299747
-0.6814845385835953
-0.6873587580682
-0.6929564068920849
-0.6977956976313112
-0.7032310381554493
-0.707143565587468
-0.7101641641863957
-0.7138357759942727
-0.7160097222395266
-0.7182186573874145
-0.7215349290342006
-0.7226325868635175
-0.7228371586138123
-0.72323753105029
-0.7249896510992728
-0.7269146438187338
-0.7280398097207367
-0.7286285435394318
-0.7287275507572997
-0.7282222508113508
-0.7320262985347066
-0.7354115946283136
-0.7372911267819391
-0.7383833364675362
-0.7385023784368797
-0.73897399619477
-0.7394262338133937
-0.7378059721000662
-0.7354807553641488
-0.7338636090363851
-0.7315749196367957
-0.7294284289906595
-0.7265529272255287
-0.7216072126961053
-0.7197262278636365
-0.7174997895304621
-0.7127115464522005
-0.707712856241967
-0.7025941375620612
-0.7002449429132359
-0.6998157174318617
-0.6974651578865985
-0.6926210205417946
-0.6887767623648701
-0.6850299602599658
-0.6800283826960203
-0.6735530608420278
-0.667514030224103
-0.6612919227464125
-0.6531836019856945
-0.6455307762606316
-0.6371427553919187
-0.6285530589146968
-0.61914498106658
-0.608477066591542
-0.5974207186408788
-0.5853498566972227
-0.5747212084180481
-0.5630592778590637
-0.5522188556038609
-0.54189597645618
-0.532284112885477
-0.5219014808833008
-0.5095813642481059
-0.4972150217547872
-0.48277285450208746
-0.4683145827086539
-0.4543263748552675
-0.4387692737585557
-0.4227579949618157
-0.40638000595806
-0.3899689910956472
-0.37104626088516846
-0.3533804023298388
-0.3353764172547842
-0.3156411145043561
-0.29582415900123427
-0.2745058306589042
-0.2542178560309106
-0.23622827219378056
-0.22139148720663102
-0.20836844440759025
-0.19707372693066436
-0.1872245213852789
-0.17714392661174816
-0.17018469052240304
-0.16623666379954555
-0.16193257928791896
-0.15835036303098915
-0.1561848715322829
-0.15578615831169876
-0.15513050134481363
-0.15553414790177936
-0.15687558542249302
-0.15768080752952338
-0.15986661328284682
-0.161818378196984
-0.16417650099650466
-0.168365074713604
-0.17231523950311622
-0.17548363771524256
-0.17970251958306294
-0.18468949623561562
-0.18941452681890636
-0.1934998305144174
-0.19935554079546913
-0.20380573605858626
-0.20818842453593506
-0.2138660862010595
-0.21998330170621605
-0.22436538815410406
-0.2297089894872153
-0.23582054782717737
-0.24001479720971033
-0.24544643936450106
-0.25057594248891174
-0.2559466297361793
-0.26061889412900785
-0.2657777777822607
-0.27133926454689006
-0.2766725546790785
-0.28223652590741033
-0.2882084423596677
-0.2947632061517974
-0.3014189056541959
-0.3075299149991822
-0.31535731398503863
-0.3236707497707576
-0.3302295546867305
-0.3374292408394303
-0.3469182094110176
-0.3551798887275315
-0.3637883080878713
-0.3739667221882999
-0.3827131488490909
-0.38880835038779066
-0.3978292260322077
-0.40910632389388546
-0.41761961793508784
-0.4254295906422202
-0.4357589167119523
-0.4450177275539045
-0.45373428843183133
-0.4655102330590446
-0.47602498726300674
-0.48468414828698336
-0.4957974077840425
-0.5081620817950988
-0.5176326023508647
-0.5282323168741812
-0.5415929981517636
-0.5516757407865727
-0.5616390854853286
-0.5745479803697335
-0.5859638859015553
-0.5955062665226731
-0.6073107341705348
-0.6182395451672293
-0.6271023479824249
-0.6392266480475115
-0.6522729273949691
-0.6607751493082628
-0.6703699597746701
-0.6813122541923432
-0.6929122730187222
-0.7047822375472301
-0.716298775695803
-0.7270977351163361
-0.7373042567715664
-0.749349674906498
-0.7610582874322525
-0.7717988135773357
-0.7832467555250725
-0.7950841238628849
-0.805494169113864
-0.8173814537151094
-0.8293640403621508
-0.8398613918379362
-0.8488076833200813
-0.8601663709989126
-0.8699308657550072
-0.8801523084642818
-0.8928574188716398
-0.9032211757248322
-0.9136018926362707
-0.9247489892679717
-0.9365993188591897
-0.9467620517133599
-0.9577059183162088
-0.9705289021312219
-0.9803751690628214
-0.9927375889340582
-1.0042898342478417
-1.0148637876141529
-1.0276185262393127
-1.0397502147540882
-1.0512094368770346
-1.0608427667127878
-1.0719804915813214
-1.081354014172782
-1.093606439266608
-1.1069256588812213
-1.1159702149389148
-1.12729793722719
-1.1393218413974058
-1.1502320093471163
-1.1620212981023395
-1.174229144010773
-1.1854443479642014
-1.1972020355803903
-1.2098837133587812
-1.2222913322331044
-1.234374518828091
-1.2469682988379909
-1.2604697193140126
-1.2702264691890421
-1.2822339193924501
-1.2936347355051725
-1.3049952216845586
-1.3178534299666778
-1.329772116094479
-1.3407803365948987
-1.3519234422266284
-1.3641786277643153
-1.3735629800468967
-1.3852745662444965
-1.3977285152282373
-1.407495587635564
-1.4191174257480745
-1.4320502619678304
-1.4437028719987268
-1.4545941402745652
-1.4684187900659695
-1.4801056497427252
-1.492149560839068
-1.5051063902356612
-1.5158093698526953
-1.5256046100149725
-1.539989097555323
-1.550147464939857
-1.5611012557133743
-1.5741911104817223
-1.5854055015014716
-1.59558588069483
-1.6093347464767906
-1.6192282248321526
-1.6300203688561374
-1.6421141006649318
-1.6537569051597503
-1.6635959148214117
-1.6747904105022087
-1.6860976939838885
-1.6944195783182496
-1.7062849339953707
-1.7182721444911757
-1.7280862567905568
-1.7376218661959886
-1.7501754024171985
-1.7589404096011982
-1.7684405546722892
-1.780599029088291
-1.7900660079924484
-1.7986953044966263
-1.8113374204486055
-1.8210437390562253
-1.828448300101001
-1.8395995637504476
-1.846894871291276
-1.856248832678916
-1.8635140411591946
-1.8741985003049446
-1.8803537913517636
-1.8876812285196498
-1.899390430174841
-1.906513095555863
-1.9132085561574748
-1.9254294500787505
-1.9317613622223457
-1.9393131980997431
-1.9485582650863655
-1.9550877565374718
-1.9595684051782716
-1.9668679543068814
-1.9740842722193541
-1.9781957415721139
-1.982057676962696
-1.990984914985687
-1.9953444393856166
-2.0012767388274044
-2.0092798861753804
-2.0148536701148285
-2.018313645254105
-2.02545921276122
-2.0333860542704434
-2.034847862127936
-2.042611600182986
-2.047767195772236
-2.05202675780346
-2.055297099615188
-2.063911719217978
-2.0684158436887614
-2.072285129769726
-2.077105765807763
-2.081443809530593
-2.0854335914567286
-2.086920059850588
-2.0930407846903045
-2.095838090663091
-2.098747924560388
-2.10578100712632
-2.111917563563182
-2.112778071786411
-2.1171446621871377
-2.1232774901699814
-2.1275545001816436
-2.1279159848080216
-2.134178033112016
-2.137156393914953
-2.141751292034255
-2.144976645219631
-2.149604302849994
-2.153694268675713
-2.155088590153502
-2.157287337382315
-2.1611317259128815
-2.163567418894512
-2.165782497108871
-2.1718721082621366
-2.1742249158516125
-2.178885781686272
-2.1786292626316093
-2.1824781801939412
-2.183399314152234
-2.186125051122055
-2.1885175434907187
-2.194043196373652
-2.201181401856797
-2.1997197326884983
-2.2041074609713873
-2.2057336865313424
-2.204885837990349
-2.206715061757127
-2.208498892647999
-2.2139162121625033
-2.215065942509958
-2.2163417419275335
-2.2177870740505417
-2.2172556628318585
-2.217828763220657
-2.216571387174188
-2.219587184752257
-2.2238788537489844
-2.2217120159008763
-2.2237633172672364
-2.2258169117107798
-2.2251654473414817
-2.2252917879019916
-2.2263455728029227
-2.228811819266198
-2.230906534852665
-2.228647665513183
-2.227903993075551
-2.2272066351692485
-2.226329574443675
-2.226991125044963
-2.222555615993473
-2.223161558211136
-2.2239873496636395
-2.222005407415584
-2.217442604934965
-2.2133312569367876
-2.214674641581633
-2.2145791836772872
-2.2122830013028514
-2.211463656139538
-2.2106002075829014
-2.211794708402469
-2.2075374266749996
-2.2025091438449254
-2.201359671032857
-2.1988962121259465
-2.19607768331782
-2.192109095257774
-2.189769636644145
-2.186567169337595
-2.184856268681614
-2.1815037413539318
-2.175834838317856
-2.1681404893289744
-2.1655549482721796
-2.162232591928216
-2.15873204251127
-2.156783489742883
-2.1521869389566985
-2.1502553181332464
-2.1440251190114825
-2.1390852291025224
-2.1361856562809085
-2.1309041391432375
-2.1279371897585904
-2.124687447716442
-2.12231641731447
-2.113591618335356
-2.1046754266976446
-2.101700872596939
-2.097553429095443
-2.093632080279169
-2.08955666167544
-2.08275042044595
-2.077553265932659
-2.068973834318877
-2.064400714722611
-2.0579007085992855
-2.0567543578292957
-2.0511432534767855
-2.0471544791008727
-2.0407529849390293
-2.035597210559398
-2.0279984061356573
-2.0233664527161057
-2.0174247054183594
-2.0106858618477585
-2.0052610872644334
-2.0002790246294744
-1.9959148046080668
-1.989002252958301
-1.9820363312738756
-1.9765167339959655
-1.96721898287865
-1.9607843195424
-1.9537836354699745
-1.9500167148163978
-1.9436769449368887
-1.9369442759011979
-1.9341835823077014
-1.9270673590330605
-1.9240371046598985
-1.9164650064574096
-1.9074805892571243
-1.9029370916873254
-1.8962717393854416
-1.889610607730329
-1.8839409944705383
-1.8798577955633309
-1.8732746133454767
-1.8650824467140836
-1.8589273671556337
-1.8499516745721962
-1.843918820596938
-1.8375616998819952
-1.827074355152666
-1.8244723182107427
-1.8171459276996726
-1.8117486111278638
-1.8071088265228656
-1.7996501335177977
-1.7932463492357371
-1.7877887056773116
-1.7791903608827926
-1.7689263490428953
-1.76868514821978
-1.7589521697470267
-1.7484377880540074
-1.7493067626983168
-1.741235809589252
-1.7306548173744394
-1.7260729540415358
-1.720205150786257
-1.7095657995134474
-1.7060727450690334
-1.6980911022867176
-1.6903899768809485
-1.6817446700078567
-1.6762132678695154
-1.6687500828660977
-1.6629968209768777
-1.6577851956051728
-1.6510466431247373
-1.6437714934349648
-1.6386937826002324
-1.6306115312058072
-1.6239252596021627
-1.6150432960560013
-1.6109087841364844
-1.6008599654345619
-1.5950375650426296
-1.589775267218248
-1.580165923875369
-1.5741914411180762
-1.569182530711722
-1.5582472997080719
-1.5557899413394585
-1.5486211272550725
-1.540827011250018
-1.5382335681910357
-1.5256893658788437
-1.5248182965105783
-1.5166562366710896
-1.5060203543565276
-1.5054977137698755
-1.4950025454831752
-1.4882131908139988
-1.4840261695060013
-1.4741192316591751
-1.472223108804403
-1.463712914756008
-1.4568256463157785
-1.4506108390144845
-1.4392086685279462
-1.4369386930626984
-1.4279058485529996
-1.4210526536694388
-1.4160781069552413
-1.4075871463167842
-1.4037555457817676
-1.3961917663503545
-1.392669242237
-1.3844483157463294
-1.3775461414848875
-1.3732880275653798
-1.3651311067411378
-1.3599409684927297
-1.3527478081436994
-1.34630397145558
-1.341890645965692
-1.3313221689762782
-1.33050934561773
-1.322856775888393
-1.3144893035933307
-1.3100814985878175
-1.3003527475226055
-1.2955218314910184
-1.2868217205765815
-1.282444228601413
-1.2732673618034798
-1.2655010700745488
-1.261670954179665
-1.2517376939975031
-1.2471334248804145
-1.2395678748680938
-1.2329192273534475
-1.2286248223559975
-1.2190616448984233
-1.214136462943946
-1.2064876723952496
-1.2006095667325456
-1.1945937186897693
-1.1856703008401832
-1.1816629504082328
-1.173879611221751
-1.1692300609297246
-1.1616012602915644
-1.1546823421242738
-1.1492252842089823
-1.140844883795212
-1.1354929746175584
-1.1275477562614946
-1.1215279239684892
-1.1122151489570058
-1.1037390985249893
-1.098889977338298
-1.0894253561377616
-1.0832617878668227
-1.0753688303604645
-1.067277453536273
-1.060265902459396
-1.0518986933889234
-1.0463848047372812
-1.0377652196289298
-1.0302215236018297
-1.0232340100615802
-1.0127846935452194
-1.0072356530935949
-0.9976762073162317
-0.9913478937158231
-0.9820510996578123
-0.9732933746890908
-0.9658561331572689
-0.9559681273357119
-0.950349422065518
-0.9411768569582086
-0.9327604544516038
-0.9262874820618325
-0.9154564043142333
-0.9102844440047505
-0.9017590066742533
-0.8922035696479538
-0.8855707413610266
-0.8763724627107907
-0.8694975634361966
-0.8601937219340263
-0.8517679947890262
-0.8428519254196386
-0.8329440667695184
-0.8263183776691112
-0.8143591679767642
-0.8060145671443901
-0.7980369142598935
-0.786278416873516
-0.7782272583919709
-0.7681139461204656
-0.7574896844794798
-0.7492725774984164
-0.7370612559640279
-0.7287458693834238
-0.7191400219180624
-0.7098413514837371
-0.7005462371985494
-0.6906891716785082
-0.6828475106543807
-0.6718218914282503
-0.6616499359459115
-0.6538562406714383
-0.6422676204818532
-0.633650986313367
-0.6236766963823104
-0.6126108134008736
-0.6036270172919991
-0.5918065202103968
-0.5822981562407789
-0.5722760042753057
-0.56026378781434
-0.5518487503988457
-0.5412764093458152
-0.5289052470848994
-0.519591356585389
-0.5063038412094059
-0.49516206475389096
-0.4846937388864772
-0.47278920351665926
-0.4637590462081008
-0.45300208521689167
-0.4413673411273697
-0.43312018935716773
-0.42353104841786876
-0.41382870427263513
-0.4054087812300227
-0.3954566149505012
-0.38875253698500783
-0.37929532304125735
-0.3703251678094677
-0.36440257775505425
-0.3548623025088243
-0.34620709264412336
-0.33931234652738806
-0.3343993201794568
-0.33113611848635566
-0.3299780424055488
-0.3290288133777705
-0.330038134697805
-0.3338680823031677
-0.3358802452659777
-0.34007944127749395
-0.3457216912300783
-0.3505570042699896
-0.3584327136648178
-0.3673593129080126
-0.3746115515421794
-0.38328056412275535
-0.39247521227476473
-0.40183750111645206
-0.4138418636431983
-0.4252742836263908
-0.43607609843457057
-0.4467214872812937
-0.456049261549486
-0.465688429608267
-0.47677933115052984
-0.48716706016200834
-0.4968625388682535
-0.5074724948715812
-0.5178661960910158
-0.5285793322208832
-0.540222911842891
-0.5504522392211668
-0.5604356225720232
-0.5721321052229914
-0.5844008736885135
-0.5958118949726388
-0.6074145838812012
-0.6194865543802438
-0.6307743075192017
-0.6431224482148999
-0.656262223018799
-0.6676845469376779
-0.6779318095398954
-0.688747578377249
-0.7004024475022189
-0.7117957659946197
-0.7244724028339975
-0.7375035452463525
-0.7483849084325481
-0.7602249875034975
-0.7736896732612508
-0.7862572915202646
-0.7984219672130051
-0.812069232863292
-0.8254812371939237
-0.8389161318079996
-0.8534908513256007
-0.8673926025476721
-0.8807987539710017
-0.8957129014890404
-0.9110302146911192
-0.9241007686996249
-0.9373484431378792
-0.9518317216479103
-0.9661484497220888
-0.979687240367666
-0.9930740457619686
-1.006961183274579
-1.0215778115815495
-1.0357035931778595
-1.049841293569622
-1.0643322991628161
-1.0785496590093584
-1.0929206960340014
-1.1082392626289685
-1.123410648274316
-1.1384353842323762
-1.1539061754605933
-1.1705523642047995
-1.1861403688821586
-1.2007170631495812
-1.2152577251036099
-1.228930953177781
-1.2431322751135194
-1.2565558768965703
-1.2707107696078377
-1.2863512332994107
-1.3010365658416014
-1.315341222464911
-1.3300965274264769
-1.3445766984022032
-1.3579812488404364
-1.372290411286234
-1.3864140812617471
-1.4015605916901281
-1.4172060646188154
-1.4334409476289616
-1.4494603438544105
-1.4654039513693233
-1.479633001095008
-1.4933593258206042
-1.5075706933865392
-1.5224125800630197
-1.5370531635456155
-1.55237763624727
-1.5677385024973896
-1.5826518688023823
-1.5977218347929183
-1.6121315194403083
-1.6259854774989042
-1.6418163044945495
-1.6572469931857137
-1.6711983014769372
-1.6846642504496105
-1.6996833042912411
-1.7147951523712615
-1.730533505753225
-1.7460855562504238
-1.7603852607999104
-1.7754569660502209
-1.7913563860982364
-1.8074456355331512
-1.822569729007641
-1.8375497346269425
-1.8525257087754254
-1.8662641263009159
-1.8808994055489572
-1.8961902153881056
-1.9138639487084173
-1.9296054097338462
-1.9446100106953346
-1.9591955495974789
-1.9712571020808165
-1.9877750311036924
-2.0032502210664593
-2.0175740733022165
-2.0321486294986126
-2.0454088935883887
-2.0607100210736573
-2.076091508568835
-2.090378854909051
-2.1040966488434507
-2.1180734392191365
-2.133018489618883
-2.1491583432965258
-2.163066786436713
-2.176549543054736
-2.1901955171131964
-2.203413114391599
-2.2153399075097497
-2.227368957048702
-2.2380255100279256
-2.25164452810127
-2.2645426390237073
-2.275592741009418
-2.287032293676219
-2.2970427233554935
-2.30853675621506
-2.3206526932279483
-2.332065263963932
-2.3447925489487123
-2.3543329338637906
-2.364450159998984
-2.373098375828163
-2.383347834622252
-2.391969495365095
-2.4013571237779745
-2.4084127031341955
-2.4147760554060604
-2.421007122584792
-2.426458001493472
-2.432915744432761
-2.438328023823276
-2.443079883384415
-2.4472777293084675
-2.4501443636387994
-2.453586342757869
-2.4554305144925697
-2.458805530530382
-2.461933517748572
-2.4629383841588726
-2.4658599466779996
-2.465941166078345
-2.4679065254699477
-2.4665763295615606
-2.4625463626046242
-2.4624657530977894
-2.460023412978267
-2.4549511312283503
-2.450405856065626
-2.4456050866989902
-2.4395660361158917
-2.432431974726893
-2.424864999702461
-2.4174840680495278
-2.4085832377143905
-2.3978292140545614
-2.3884362819000984
-2.3801287774429563
-2.3700637349849285
-2.3604713512827096
-2.3500353777329077
-2.3373252997849767
-2.323409092673017
-2.310524195537809
-2.2965429078883033
-2.2795428367196315
-2.2628411612710844
-2.2454731894693847
-2.2273973024232325
-2.209223857277316
-2.1898273152359926
-2.169894456634345
-2.149729862370282
-2.125946243408697
-2.104727345779014
-2.0826164030154084
-2.060299987197124
-2.0399016534357832
-2.015135715981236
-1.991142295116781
-1.9673621565097457
-1.9397291688037686
-1.913632994776995
-1.8880265268143763
-1.8618224591040993
-1.833560319709356
-1.8046853038338362
-1.775311056457132
-1.7455656883554216
-1.7146399897986395
-1.6829760136835792
-1.6506922817961078
-1.6176127424338616
-1.5848442943267453
-1.5515326274201526
-1.5175862107740186
-1.4836838570768112
-1.4502913431765037
-1.417878686103003
-1.384209735864705
-1.3494101486609598
-1.3138557127335984
-1.2772576425970903
-1.2417938587426354
-1.2054243736905526
-1.1683785337663104
-1.1309278641538383
-1.0926817503332344
-1.0555038622096202
-1.0177001825033918
-0.9782528136814947
-0.9398495176504406
-0.8991408648675313
-0.8581115816592745
-0.8182627145553122
-0.7788548737941522
-0.7391050832319398
-0.7006369021230403
-0.6612101490026241
-0.6217049834595584
-0.5843935630945368
-0.5443795894128713
-0.5057110384147042
-0.46625216580638484
-0.4262797020841035
-0.38620268869683283
-0.34634007777052533
-0.30687695188074066
-0.2664361899952739
-0.22564511584788743
-0.18433454760384316
-0.14443430649802608
-0.10451678983929959
-0.06285448046576798
-0.02287991548379481
0.01644126583822227
0.05535238491259906
0.09308991494592667
0.1302441541299339
0.16866437732897155
0.205976197494925
0.24378385299430472
0.28111041124803
0.3181084556168431
0.3547139848310777
0.3908202430361006
0.4269702661899049
0.46280151217914295
0.49905327648774067
0.5349284047909791
0.5704679463028413
0.6062698692861677
0.64129112208017
0.6769804934273578
0.7119259329497523
0.7457726816386651
0.7789053252679524
0.8109890839918223
0.8426387332283176
0.8738559444439143
0.904622601645923
0.9348353956603578
0.9646313124261154
0.993956750789668
1.0233418845522593
1.0527737819265648
1.0818216183924747
1.1102819845845848
1.13843703613744
1.1661618130609686
1.1936662518180698
1.2211724248154119
1.2489886857434462
1.2765470540516854
1.3027844778122761
1.3277638558251503
1.3525240773058367
1.3771050369127495
1.4005858614379587
1.4231555742220205
1.445311654219099
1.466842581771656
1.4880594626118604
1.5096492272387336
1.530935894908908
1.5511091345319692
1.5707689942895806
1.5908447158316854
1.6109087854945157
1.6307074038425555
1.6502394762472674
1.6697699541063633
1.6889609905652063
1.7081669929145635
1.7272603734585368
1.7460191531221612
1.764783404431294
1.7826703208251287
1.7990156633606598
1.814994666388391
1.8313021175759179
1.8468919871844232
1.8623444134068625
1.8780988221808057
1.8919286399657693
1.9057557073330629
1.920666736581859
1.9345158762157089
1.9484000832557684
1.9638195104990968
1.9775756664333815
1.9908060900698092
2.0050670556749104
2.019908321661652
2.0358721374564777
2.0514527850143183
2.0647578768029153
2.0779885534648805
2.0891317261150433
2.1014577308317617
2.1145119867734383
2.1260964820451593
2.139027176852008
2.14923494976982
2.1587410410342414
2.1707934940635885
2.1828238568311424
2.195901240625989
2.207653584018526
2.2186312892438074
2.2291307914216887
2.2410916325416275
2.255722805567158
2.2701155183171844
2.2851307712366506
2.2972891104843813
2.309779988561683
2.3228678112320407
2.335585441786737
2.3489571333279438
2.361100654506186
2.3732502002957245
2.3837558966793035
2.3953872136698147
2.407801728936396
2.4187420489919917
2.430664751044282
2.443568662214505
2.451717224367564
2.4637371887253945
2.4741466575818833
2.4838467734557623
2.499591795907258
2.514266837663512
2.524659554533493
2.5382486949214313
2.549579457547217
2.5627347041728616
2.5728866950166607
2.583668932386181
2.5960068471194124
2.603824133637748
2.613019861349866
2.62191070408486
2.6332505940086754
2.643969685715165
2.650602372572787
2.657002185123193
2.6620864928520565
2.6689345881269064
2.6763896649884518
2.6847498544056685
2.6932397255165266
2.7006002799554807
2.707603919949665
2.712259708107722
2.714755360307066
2.7212689203749547
2.7284383873768085
2.7306064625854267
2.7297529878771365
2.7312446820226857
2.731884219280361
2.73389352179916
2.732712786968799
2.731230937075193
2.7305478098583453
2.7279145651011296
2.722175029084227
2.7193704561948215
2.7154686478560097
2.7113363996662594
2.7049744028723763
2.6982086813317454
2.6961184620106127
2.6937581362677716
2.6930953292388993
2.6913579234978746
2.690203313145881
2.6899803720903446
2.6922668027596615
2.689297879454589
2.6919456988366175
2.6961750249743632
2.69747443727338
2.699617252525732
2.7012888831296684
2.7043620037260268
2.7077898420440425
2.7104503967488536
2.7125160055947686
2.7209936979223497
2.726509503360254
2.731818899634686
2.737596740089536
2.7429243643093555
2.750597032813305
2.7565688602536897
2.7604587768906024
2.7670826335272145
2.774722225188469
2.7792264886687694
2.782348317059789
2.7890931772354333
2.7953687094050017
2.801642167161544
2.8026435921844928
2.8064932217801504
2.8126783135731017
2.818505068411577
2.822222549770797
2.8248443070223708
2.829651226624613
2.834722061311713
2.8383383306473036
2.8406457676456194
2.8451901686312873
2.850613439790625
2.854844352939795
2.8569626137332986
2.8595866783418775
2.864894542513572
2.8673684007481204
2.871871455496824
2.875124983968394
2.878058522559146
2.8823872223549145
2.8861512134797427
2.888174828955798
2.8918743337630173
2.896573255219937
2.9022851182833023
2.9065486568630687
2.906745132820912
2.9103253089998598
2.9143635940366797
2.918364452831137
2.9205219427297293
2.923562735354055
2.9258105865700585
2.9304480606094296
2.932551414994679
2.933779047299631
2.9356912840361162
2.9397506826597084
2.943113614229259
2.9455057490657808
2.947347979842228
2.947577939392731
2.951423652712947
2.9565536465306823
2.9600981846328973
2.961061608166388
2.9650249019193313
2.9688286770610346
2.971069220856484
2.9734917028353793
2.9748809852035856
2.9767927506690794
2.9795144375246174
2.982669399967034
2.9835701465711764
2.9865915256143922
2.986032375630763
2.9862273298564515
2.987628767858838
2.9903263158663873
2.989739674174173
2.9912991824632322
2.992331237001521
2.9927916276954623
2.9956615847103594
2.997331743689994
2.9990853105835704
3.000631874062673
3.0024387470623326
3.0009306966301437
3.0044990158987637
3.006397947303891
3.0082611302088083
3.0113522396352224
3.0092598546138762
3.009170235238753
3.010467145903382
3.01218246780262
3.0140841242580922
3.0152888759104663
3.012958815779804
3.0162130766592314
3.017288535577124
3.0169679645845577
3.0196063618554634
3.021495824728942
3.02241510808841
3.024590668844697
3.025000456838502
3.023994357048503
3.0259593489330445
3.026721520701926
3.0268475761694567
3.0281429653265226
3.0290025784175025
3.030003776976543
3.0309401443190263
3.0285077122412383
3.0297125566766105
3.0282150388166227
3.0288475346425323
3.029789863320004
3.0309617885731504
3.0313781916541926
3.033415649578056
3.0349762503992577
3.0325233625461583
3.034888817098585
3.033978495478646
3.03346471115512
3.032062271307653
3.035150349362844
3.0335583078505484
3.032179681899267
3.031590873097444
3.0329512353532766
3.0337099393998543
3.032258204149962
3.0336817194041807
3.0342956721529792
3.032291543813399
3.0338824329948197
3.0323786168211453
3.0344368788835596
3.030090876337745
3.030727159642183
3.0331246700261443
3.030314685280049
3.030547762693037
3.0312049306078888
3.031430163639799
3.027180730311892
3.031380561979319
3.0255893000725114
3.0292334847882665
3.0282822942113485
3.0231857192880813
3.028232715022226
3.019343585755401
3.0248113172521145
3.0195531609851325
3.0205058290368934
3.01950970741073
3.020691812769231
3.0171699022619385
3.0170303909663456
3.0160635758917387
3.015434615354701
3.0144887527312996
3.0112566809625227
3.013495824103518
3.0114778115909266
3.007595396101859
3.007429464046932
3.0055647553085545
3.001782627095583
3.0016700632306867
2.999198049443676
2.994907868287647
2.9935790261973936
2.99232400272006
2.9882239582574637
2.989575015369559
2.9836198336978037
2.984065104758736
2.982157356819214
2.978947387736742
2.9785144902694647
2.9752709169654294
2.9719187297678
2.971960105594469
2.9648374663956267
2.964738996007851
2.9592145345725025
2.957907752397699
2.9550321915342033
2.9510379733493854
2.952361800743767
2.9461710300700243
2.947017038796108
2.942199048240292
2.9437537450484212
2.934761418331408
2.935431106432945
2.9310658394159894
2.9297736962772047
2.9230062031257216
2.921171765918783
2.9166633665896957
2.914775988869954
2.9108835220742115
2.9047710004293092
2.900406162598181
2.8985475474010483
2.893671779957894
2.8884218568934057
2.8851740655647875
2.879963274101887
2.876129495797565
2.8698686006555394
2.8705513805813108
2.8644734699097367
2.860876521552769
2.858021257298011
2.853041022292519
2.8489834995265393
2.845620090680606
2.841070441312682
2.8381132305169743
2.8307902652088854
2.8304741301044856
2.822317531347546
2.818139307676479
2.8145944983108686
2.8083553485420687
2.8043838871013635
2.798176642637697
2.7933464793653062
2.7871094840000223
2.784481579997677
2.7785043130793685
2.774397154784109
2.7688802422188505
2.764555392507889
2.7585126647819025
2.7531780372371957
2.7497040291986052
2.7403262413066583
2.73662958968389
2.729400952730629
2.7245342658091043
2.721346009145837
2.709789808794333
2.709104812548508
2.701347528563455
2.6944222805735003
2.691802509871443
2.6810243910109715
2.6793307041447965
2.6702344065625856
2.6676899774057055
2.660436348344961
2.6538537673839615
2.6480737502163656
2.6427298359479154
2.635213484451435
2.630456269050546
2.622019609204512
2.6176749234357075
2.610715178074628
2.6038352387392454
2.598789242710581
2.5901564641883046
2.5847524864280693
2.5778530195741003
2.569661124985843
2.5636184989033723
2.5557618678589566
2.5489318402191112
2.5426637232143254
2.535189871298747
2.5283296020902672
2.523005214489351
2.5155388978629336
2.5095743964812582
2.5002997135396026
2.495894814679134
2.485510740767893
2.481264480129183
2.4720773953189763
2.4650552455550967
2.4585867129988843
2.448959515756226
2.4422235316613237
2.435988440132432
2.4278695588133457
2.4210167696989178
2.4127990690117356
2.40653053099066
2.3973740353182302
2.3902106206442935
2.3820137910418935
2.3752167019360835
2.3675963352309886
2.358106042149692
2.352646989313724
2.3429081128720814
2.335543332675681
2.3273390966418166
2.319878307530896
2.3117562773965266
2.3053920591642263
2.2949152426368404
2.2884891963655707
2.2799976155917623
2.2720443538845396
2.2635002374126976
2.2563125167373115
2.246680926311013
2.2393023159096512
2.229444931526108
2.2234801750732096
2.2136969494844423
2.207066050422119
2.1972657183309465
2.1898059460971884
2.180751361069647
2.17392688568027
2.1633221791187407
2.156755011784402
2.1474892138764443
2.1393240827490745
2.1297923161050214
2.1237928262986903
2.113921498533317
2.1059410161417293
2.0962817331176384
2.0884892582681607
2.0781250979471575
2.070377628528248
2.0602182001052647
2.053357335994041
2.0438840296853673
2.034081872411752
2.0268131578947095
2.0180496805707793
2.0100282974870938
1.9994457436121442
1.992250160187816
1.9823569152206968
1.9737166317650519
1.9654243244412586
1.9563865032970225
1.9465359478168953
1.9390807921791913
1.928314726144815
1.9208973999079122
1.9112622673777888
1.9030564015609317
1.8941140427211485
1.8833171936098068
1.8770627694101794
1.8651667531781135
1.8571177949797864
1.847747385757821
1.8384190401453164
1.8291835634203586
1.820209633074869
1.8125996230565278
1.8017312489914605
1.7950163818080846
1.7847809009396582
1.7765937493975408
1.7647070934852447
1.7576229490218869
1.7468986335097278
1.737565488078843
1.7297089914507329
1.7185147284981346
1.710709554095805
1.7005655333064427
1.6908133695067347
1.6829592129486242
1.6736210873018422
1.6646395102444247
1.6533614884625956
1.6461375313213609
1.634328791721097
1.6266654593442704
1.6183686877174945
1.6068475947841891
1.5983147526438322
1.588969638273216
1.5792015112561952
1.5717386117781602
1.5609902218024583
1.5524700884760814
1.5428875415233436
1.5328335758623646
1.5236892393271784
1.5130911857787974
1.5042796001708503
1.4945488840325458
1.4842927366110736
1.476153170106271
1.4647231041103168
1.458578243426409
1.447461138429395
1.4379363237727243
1.4299148754419801
1.4201163171882625
1.408764045152419
1.4014130963442213
1.3902226046621287
1.3813995354063886
1.3709836690198927
1.361046729430707
1.3524102298466458
1.3421978000553165
1.33296090467912
1.3257883598882885
1.3141557475954038
1.305359000393712
1.2956648327595361
1.2855677330178323
1.2769111312016423
1.2667803488954041
1.2568665156406655
1.2482235431797786
1.2381575939114873
1.2276069281952315
1.2189690157575443
1.210034211116782
1.2013859039661452
1.1903258754623556
1.1811329402237347
1.1716301382062264
1.162150727181523
1.1516467729606787
1.1422331127023493
1.1330926192734199
1.1224372297782814
1.1134598584093007
1.1042220388675823
1.0948752703174176
1.0851960323911285
1.075884615245398
1.0667655392190585
1.0564800714539266
1.0461768183282716
1.037493954350899
1.0275584990836149
1.016955331738258
1.0086712093314363
0.998745066535666
0.9885228093395688
0.9796529794437251
0.969431352260925
0.959781273915435
0.9509580142805457
0.9419207021257766
0.9316209676741388
0.9228655016555839
0.912508781705206
0.9032017138150985
0.8927171184745392
0.8826762446903387
0.8760228488582039
0.8634453914793178
0.8548902323111052
0.8458166435753118
0.8362765167688582
0.8251368509095026
0.8161637186163828
0.8083737572314846
0.7982194950068774
0.7890859607592919
0.7788784281877472
0.7702775580668609
0.7594387580753951
0.750313279767002
0.741171496014442
0.7313252004486445
0.7219281833725327
0.7129446497167559
0.7029527769367412
0.6937731919101882
0.6838216367832176
0.6731857736379587
0.6640955601287813
0.6556475521109
0.6464735633518622
0.6372189524300579
0.6269457915992201
0.6181122969513407
0.608545527365056
0.5989522448397839
0.58883561672235
0.5794383225304562
0.5705411426931543
0.5613946389320036
0.5518725190964228
0.5428485488703154
0.5342013838717402
0.5242574894641568
0.5133801899006228
0.5055682155575099
0.4976803135383496
0.4881818388566732
0.47804835680870444
0.4698045887684241
0.46162777966942903
0.45187803255005055
0.44235365262126514
0.43410277592448265
0.4252772915952641
0.4149268427848079
0.404442902881717
0.3967354990806142
0.38887023488697275
0.38012986910518604
0.3701749359622614
0.36157865264622047
0.3533989162251085
0.3448302116151674
0.33404819142171177
0.32495835328288925
0.31840765405585303
0.31099972889685085
0.30162677821343553
0.29162970043694897
0.28392842641121424
0.2754082836470797
0.2658491135153536
0.25656852495471044
0.24890683988337794
0.24133459863906265
0.2323683229909781
0.2231729286793339
0.21385264451794692
0.20623662612491675
0.19823017567241727
0.18973343033070125
0.18047226493253662
0.17201515349417765
0.16486655164825656
0.1577886989388847
0.14987910105533878
0.14134522762632176
0.13214674452823214
0.12416477669372948
0.11691193131530013
0.1098030300792392
0.10178787609615081
0.09314482101956673
0.08532831836388136
0.07806914675539342
0.07003144622430123
0.061779773496407765
0.05347398834827021
0.046697551377836065
0.039724935644202465
0.03215144564570205
0.024124665813134754
0.016577788402635255
0.009449962685576742
0.0019123752057144043
-0.005285131641179498
-0.012320452243500733
-0.019144825351923248
-0.02609652678646277
-0.03324312189688546
-0.04058795444804017
-0.04787961650230055
-0.054680972262397334
-0.06104353072191559
-0.06810058045770769
-0.07563319747977269
-0.08318542883103715
-0.09004303066204297
-0.09602648633602703
-0.1023813541276626
-0.10922630226302299
-0.11649538416169491
-0.12338611763585632
-0.12948516379723693
-0.13537061465073708
-0.14128633600106655
-0.14778612524264856
-0.15439963999137332
-0.16053436534927698
-0.1661927814673282
-0.17157153844936193
-0.17732972382563883
-0.18342666342450006
-0.18946973940083636
-0.1948039965210227
-0.19719389753204247
-0.19737068790019638
-0.1954918385503656
-0.19134954067694032
-0.1852701755029429
-0.17701004165972
-0.16659726078783627
-0.15455351606201742
-0.14136170725829125
-0.12674919472925372
-0.11085190866416468
-0.0938241649358937
-0.07539503245567301
-0.05556646397183097
-0.03494719951465436
-0.014118578020597593
0.007195379523545895
0.0291107518464085
0.05123063823886316
0.07351108518476544
0.09618177967884765
0.118775571455296
0.14112776789706685
0.1634425800787961
0.18592132831559005
0.20863403884125933
0.23166984859676978
0.25447497743544256
0.27693835882970474
0.29909037426645
0.3212885569522646
0.3436538496610436
0.3661626998708644
0.38859399147945245
0.4108470428911321
0.4328600070609247
0.4548468269452654
0.47698778175039763
0.49838278909172046
0.5193385657031325
0.5400858473303192
0.5606311318042049
0.5809458670540039
0.6012624823167991
0.6214358778715541
0.6413812927847268
0.6611814768199706
0.6811165832315023
0.7011811551173552
0.7211158753314802
0.7408469479470797
0.7606182415045701
0.7804805369457012
0.8003884760317491
0.820230650189644
0.8400758736585267
0.8601245362210643
0.8801772508080421
0.8994384477357775
0.9183027047431773
0.9367031805801448
0.9546798915538851
0.9723012220658741
0.9895563999860708
1.0066027727166083
1.0232519665127886
1.0395340933791237
1.055614913599945
1.0716515778089128
1.0878371911449944
1.1038374268962197
1.1199145744991228
1.135950678146346
1.1518444356576376
1.1673512943739766
1.1825898464342974
1.1980373416464973
1.2130388227551365
1.2273946338769992
1.2409255997606492
1.2537503929224842
1.2666302819202242
1.2794654755307315
1.291366339483151
1.3025768831218238
1.3135170779316212
1.3241834927921192
1.3342560421387775
1.3446497190985278
1.3550110706066856
1.3655528794442315
1.3753432571514344
1.385023839623515
1.3952637709114286
1.4055716919253676
1.4162316879103003
-21.160859540826024
-21.190954666099337
