2.2304231643153263
1.6631250714361558
0.9879477136663711
0.32964914477207496
-0.23925813249182756
-0.6658846764512976
-0.9777163293687491
-1.0873078470410773
-1.0739522584145575
-1.0153170735168187
-0.7982426222194574
-0.6805575988073588
-0.5822750234848991
-0.4762979305790386
-0.4250079921143647
-0.4575626743094117
-0.5967086582959356
-0.8594103539735996
-1.162255650890966
-1.4124715698652048
-1.6346672666752569
-1.864541234784102
-2.068904152460452
-2.269399167049332
-2.4291672241254774
-2.481748602457332
-2.490530076312632
-2.5259948383550213
-2.5417363141926037
-2.5063247071586527
-2.4052974000987852
-2.275883480464559
-2.145699775872488
-2.018586760866093
-1.8728553210307606
-1.723556744391271
-1.5765646227956318
-1.420563598567616
-1.2510453411449105
-1.1874950340815489
-1.4005511566132238
-1.6640092046883972
-1.9799960103622265
-2.329889944784716
-2.6947788214779957
-3.0694169270594522
-3.4310614822792047
-3.698407073603979
-3.7978700425097998
-3.6733765148928335
-3.3059198762932884
-2.700712277258014
-1.9147360018563728
-1.0493631743814111
-0.2067914243922683
0.5181579670151233
1.091853141707414
1.5351674985565693
1.9059355981971375
2.249521947705195
2.4866778369176776
2.5704135242235733
2.797632240522243
2.994598221375517
3.1320846429841356
3.229102529639121
3.302296587169134
3.3744177138624765
3.453696061010814
3.5035146433713305
3.513191572787086
3.4933028359759843
3.5066591587651224
3.518289703328937
3.4876356796528394
3.4219365450485473
3.3328444602666623
3.220946952311608
3.0855501823961498
2.9314649216779958
2.753717409299669
2.559168499062609
2.3482229751784427
2.128200650444203
1.9026711900807989
1.6745143335706694
1.4479282309236423
1.2235405868076712
1.0009700052357249
0.7818765375351315
0.862251307646168
1.215085851104153
1.5713388677465172
1.9189947880078995
2.2288728831094353
2.499115995666207
2.707920274070971
2.7691449391450402
2.6014387336139597
2.2136061784384733
