2.9735256307002973
3.068078620851715
3.178862812171996
3.0864329313729333
2.6456011514229902
1.9128665379549965
1.0213085997784428
0.1373946472623575
-0.5851709923568374
-1.044636041567959
-1.20908685690693
-1.1112873639128253
-0.841387770120503
-0.5844542570520346
-0.5168990594729558
-0.6206852833251741
-0.7966410198352305
-1.0141538616627963
-1.2611100961626494
-1.5231392960159538
-1.784553849728792
-2.029978075756124
-2.245748063440388
-2.4202552190472515
-2.544968062728396
-2.6145679431159614
-2.6275122392617285
-2.586289946643088
-2.4973589186258915
-2.3707936573120185
-2.218634068307172
-2.0535099673134716
-1.8862133875210874
-1.7242170737709062
-1.5706773796925195
-1.4242385559031174
-1.2800473290048582
-1.1308365596359866
-0.9690747645255002
-0.7884502053746995
-0.5858771699851322
-0.39177341991105413
-0.3182742278673416
-0.4628702712199736
-0.7824244784337714
-1.204684815269848
-1.7077395212560196
-2.264350944538279
-2.823589246302821
-3.3075699659580433
-3.625155546298601
-3.6875263609716353
-3.4304190000773707
-2.845126900364182
-2.0009471539923296
-0.929813405850354
0.014403325936890619
0.8790112414746094
1.652517012165976
2.3202915174969547
2.8580125306063033
3.2474481781298974
3.4830077045367163
3.5718097430155376
3.5791970480113102
3.624613257530929
3.7391467475322404
3.861386526506847
3.961292957803343
4.037403646683117
4.08823118589819
4.11157305246799
4.104974619986754
4.066085093897329
3.9930928291983663
3.885529573457655
3.7443731725838223
3.571934981394673
3.3718044899391293
3.148533056228154
2.907055225472825
2.6523230102372017
2.3886222944018143
2.119442545465298
1.847550615726157
1.575151021944551
1.3040526712843976
1.0357456262928613
0.7723315515719006
0.5168782577972544
0.2727662308219222
0.04441208560027603
-0.1409632317739876
-0.15980516477105455
0.11146570403129885
0.5899756259324473
1.13441645706497
1.6935683867707882
2.228997645989756
2.6810206163417143
