1.2549168649251516
1.258225136522307
1.25779020047271
1.2536918183231769
1.2460148130753546
1.2348480219881697
1.2202822021827258
1.202410205175229
1.1813248824818854
1.1571190856189013
1.1298846189049316
1.0997124139940047
1.0666923553425989
1.03091293114379
0.9924621059918783
0.9514274954153145
0.9078974130742491
0.8619606962276087
0.8137091491940484
0.7632373688190259
0.7106441407382044
0.6560343592396286
0.5995192017966505
0.5412180489301068
0.48125918234001885
0.4197815302348454
0.35693484186440755
0.2928810837832905
0.22779513798254392
0.16186511604894818
0.09529284785720296
0.028294021196270634
-0.03890197531025949
-0.10605243617660508
-0.17290184520027418
-0.23918288775303131
-0.30461720127247593
-0.3689175743768998
-0.43178817375809
-0.4929277555871521
-0.5520310617779125
-0.60879091438202
-0.6629006590498995
-0.7140567830246288
-0.7619620567345936
-0.8063267555239627
-0.8468731975087438
-0.8833371398401849
-0.9154707457645029
-0.9430457262155368
-0.9658552596769256
-0.9837166101759852
-0.9964732216788118
-1.0039968124853837
-1.0061887714929634
-1.0029824271241246
-0.9943430473267526
-0.9802699339691467
-0.9607960737741699
-0.9359888364509483
-0.9059494510960983
-0.8708135297924996
-0.8307486241483438
-0.7859547488959092
-0.736661938430609
-0.6831286760146633
-0.6256403229807733
-0.5645061516723924
-0.500057425581549
-0.432644083223268
-0.36263246920754305
-0.2904016690479073
-0.21634124023340592
-0.14084691871863608
-0.06431838490230447
0.012844364912287578
0.09024409902337392
0.16748929993715944
0.244197218694011
0.319996169976424
0.394528884886515
0.4674541515555193
0.5384490840718178
0.6072108678101895
0.6734590283598392
0.7369352569914714
0.7974056795853189
0.8546612056969929
0.9085173540245575
0.9588149505402309
1.0054196048916093
1.0482211868028923
1.087133477009031
1.1220924219264776
1.153056133653184
1.1800024465076495
1.2029280443642958
1.2218465407912882
1.2367870827871352
1.2477924309185109
