1.3427557955195224
1.3458151831653433
1.3454130593056837
1.3416227277691275
1.3345230774378651
1.3241961387867398
1.3107256876198476
1.2941977686693116
1.274698077601405
1.252312659148251
1.2271263363114964
1.199223059428162
1.1686862552364938
1.1355976051454844
1.1000382669653521
1.0620895730392395
1.0218332047761396
0.9793510181179718
0.9347281851322327
0.8880519722815224
0.8394138348186452
0.7889109875829373
0.7366458814014907
0.6827291701488819
0.6272793616813213
0.5704249122317556
0.5123045754757183
0.45306775159718043
0.39287658168365197
0.33190472599570675
0.27033876023038206
0.20837852458703218
0.1462358147703863
0.08413525465517604
0.022313126915536465
-0.03898339491986503
-0.09949685733306675
-0.1589616561185002
-0.21710412364945264
-0.2736459846299861
-0.32830446081469256
-0.38079576166719764
-0.4308364457169775
-0.4781453404215358
-0.522448080022459
-0.5634764074137157
-0.6009735846623375
-0.6346954402059702
-0.664412463247977
-0.6899136434817913
-0.71100786735432
-0.7275260124610448
-0.7393232164740501
-0.7462811460700506
-0.7483081714633167
-0.7453430315971037
-0.737353263347324
-0.7243385176481274
-0.7063291632284989
-0.6833875083427341
-0.6556071026387403
-0.6231136098226612
-0.5860616660662231
-0.5446364508030629
-0.4990505451360734
-0.4495432337057031
-0.396378061229003
-0.3398414362362255
-0.2802394894781703
-0.21789580499815728
-0.15314920356387599
-0.08635037418192969
-0.017859500450052457
0.05195742208761252
0.12273078505537038
0.194090735731431
0.26566965541544685
0.33710580716664956
0.40804506367980947
0.47814376962520894
0.5470713596425202
0.6145124527359079
0.6801684230703557
0.7437591453009188
0.8050252635007505
0.863727842095253
0.9196506347901042
0.9726004336371081
1.0224065454354199
1.068921489863246
1.1120213485436947
1.1516041942484498
1.1875900908977695
1.219920046362937
1.2485551398016324
1.2734751253945324
1.2946766870160589
1.3121723910368257
1.3259892900602388
1.3361670030603185
