0.5164189273879047
0.1422301096041363
-0.22439925085693765
-0.5828816761690921
-0.9327679185828569
-1.2737642391851252
-1.6056719322405628
-1.9283873251915984
-2.2419104180382208
-2.5462930470592102
-2.841630245432384
-3.1280170463354713
-3.40557440108563
-3.674397342860666
-3.934529068559534
-4.185952299422647
-4.428606559791433
-4.662319062069936
-4.886804706724848
-5.101717918564277
-5.306548974180167
-5.500684477606915
-5.683407360321327
-5.853870963103267
-6.011107675415442
-6.1540548535427595
-6.281572099351967
-6.392415342152249
-6.485290402849943
-6.558863361204376
-6.611769195207538
-6.642643746789391
-6.6501496399573465
-6.632993559555727
-6.589957353033097
-6.519910125573986
-6.42186698788149
-6.294963138037895
-6.138503969907489
-5.952022956981215
-5.735226360345961
-5.488045064963355
-5.210660497809134
-4.903539185392359
-4.567363638717027
-4.203101468320434
-3.8120140236529987
-3.3955786386600773
-2.95557502557992
-2.494033438664924
-2.0132087560421947
-1.5155891190933646
-1.0038700143152273
-0.48091971580050263
0.05021207538233018
0.586363346227433
1.1242684111714014
1.6605751908528454
2.1919143271508217
2.7149078225645447
3.2261776795932118
3.722440933913844
4.200509654381223
4.657290943027873
5.089890607621672
5.495569964766866
5.871814954942411
6.216353421261605
6.527172388231658
6.802535340513293
7.040999501680352
7.241415834219787
7.402960141298926
7.52513133888952
7.607718539730721
7.65084295432108
7.654924283731157
7.620679423696535
7.549090066943594
7.4414174765289465
7.299170088165216
7.124049859672488
6.917957454606176
6.682992242257058
6.421357264473455
6.135359235661248
5.827434460923311
5.500027884742306
5.155610369740282
4.796661417919066
4.42560869500174
4.044836669812376
3.6566261386174714
3.2631715038855664
2.8665462167680085
2.4686595802000366
2.071282667040114
1.676022401930552
1.2843215612975238
0.8974242158318124
