0.0
-25.562736905701282
-7.040390425404746
11.107762917418412
28.85264297037006
46.17201196985141
63.05132983966369
79.48076064590785
95.45517259698411
110.97456569289191
126.04150582943089
140.660697148903
154.83684379360582
168.57593285373866
181.88266847160295
194.75918889369692
207.204638821421
219.2160247096759
230.7847935724618
241.89683298287997
252.53503696893168
262.67417422191824
272.2838816415422
281.32866433590567
289.7666126736117
297.54982993306436
304.62571525036657
310.93781891792236
316.4245594365363
321.02187494107216
324.6637363796166
327.28257516277307
328.8108654660748
329.18240717788865
328.33318119800845
326.20288897513825
322.73555121591227
317.8824159001337
311.60067533287577
303.85594651042067
294.6251363705701
283.89370483712503
271.65823071568605
257.92769464155214
242.72518967692173
226.08450011649282
208.05352268186147
188.69469417082342
168.08114261367382
146.30096376620602
123.45465521391372
99.65383342408863
75.02166139512154
49.69156570860375
23.80552593212488
-2.485497731425344
-29.02498563825793
-55.651286352984364
-82.19847194721584
-108.49975919396566
-134.38793721694495
-159.69579513986398
-184.26082622873525
-207.92522789187052
-230.53590167987971
-251.94958507727273
-272.0307132559598
-290.6548402696493
-307.70949435244944
-323.095033217467
-336.725499355408
-348.5294753331774
-358.45008379387946
-366.4465269942968
-372.4940012750312
-376.5820677166706
-378.71672623889344
-378.91875204469227
-377.2236314729784
-373.6799583137079
-368.3501650881828
-361.30891936417817
-352.64046805378814
-342.4388940030057
-330.8081159917243
-317.857184591436
-303.7002821652317
-288.45800581570387
-272.25138029474414
-255.20271330214393
-237.43474018699374
-219.06763040258613
-200.21941515571262
-181.00299386156482
-161.52698944233552
-141.8940377300164
-122.1986492199018
-102.52849201848562
-82.96310889556231
-38.01118037852614
