-37.40220777536696
-36.68717814581918
-35.90543522547346
-35.07408498633312
-34.203391011592316
-33.31388046765679
-32.403842757319886
-31.493805046985152
-30.583767336646073
-29.683993209509854
-28.79277206837856
-27.911814510432723
-27.044541730098683
-26.182400741358453
-25.32368094701846
-24.458118763879092
-23.587424789140467
-22.68765066200316
-21.760506979669465
-20.792308964537366
-19.76424004740888
-18.674589631087148
-17.50454114636656
-16.24725220445754
-14.885616833353495
-13.417924435855953
-11.830490234367257
-10.11647184008858
-8.272790178055038
-6.294655576123121
-4.180699556502761
-1.9324616567040096
0.4462948094486437
2.950609110072188
5.570559781408284
8.298791255495908
11.11375000761827
14.01321226141367
16.965703028406637
19.95753753099571
22.968188602784412
25.97370788297168
28.94843641356396
31.861583444957557
34.701174796758195
37.42273494176725
40.01257910238489
42.44162712621353
44.679088263657626
46.706145945511565
48.49714121378887
50.031546902079455
51.28883584399174
52.25532326192372
52.908771392277174
53.249180235054276
53.25602262385255
52.932719753073336
52.272429233925955
51.28028285799117
49.951148833684954
48.30897552180021
46.34863113074094
44.0940640212957
41.560669568276396
38.76384314647209
35.73266490828583
32.4859514229145
29.056204037155943
25.465660514607293
21.750243396469862
17.932190446338073
14.053582355331043
10.136314767607026
6.215950998950572
2.3226830899406044
-1.5145798667453865
-5.265902420109663
-8.908790216972545
-12.41038268512775
-15.754600210890915
-18.919205030669254
-21.887091172460533
-24.63602087266489
-27.16770472848843
-29.459904976328577
-31.50920042178292
-33.31730166205593
-34.87736630834497
-36.194526152255825
-37.27391298537469
-38.11894800211921
-38.74673717447203
-39.157280502445126
-39.37452634683139
-39.407027693627036
-39.27360111203768
-38.98793137965554
-38.568835065684056
-38.036839336526775
