1.34278353
1.3458140907707086
1.3454125418579548
1.3416217716851142
1.3345223714466328
1.3241953603396792
1.3107248658405974
1.2941972100285914
1.2746972055883692
1.2523123278968797
1.2271254640535396
1.1992229813193054
1.168685420536897
1.135597446857394
1.1000375084638259
1.0620892366508803
1.0218325518467852
0.9793505640322059
0.934727665698564
0.8880514545763437
0.839413835
0.7889104184882344
0.7366458295738996
0.6827286675137565
0.6272792721588477
0.5704245102276616
0.5123044133542582
0.45306747240269807
0.39287641615414465
0.33190457601668716
0.2703386556203214
0.20837848856569963
0.1462358264915245
0.08413529045771176
0.022313294639082555
-0.0389833611392598
-0.09949651439357057
-0.1589615873587402
-0.21710361305676112
-0.2736457305129478
-0.328303818904525
-0.3807952633347929
-0.4308357397015473
-0.4781445685964402
-0.522447407091595
-0.5634753646518863
-0.6009730656100796
-0.634694162103007
-0.6644122341592501
-0.6899121994327199
-0.7110076940072189
-0.7275245826630699
-0.7393222992207081
-0.7462798230540707
-0.7483069412518356
-0.7453419330205947
-0.7373518149483969
-0.7243377486651856
-0.7063276082007502
-0.6833871483662037
-0.655607103
-0.6231133929777662
-0.5860602652683897
-0.5446359024895082
-0.4990493777208645
-0.44954249880794384
-0.3963771838387257
-0.3398406544179606
-0.28023891928219297
-0.21789509779171787
-0.15314891509138717
-0.0863498354366434
-0.01785942736561367
0.051957727898184564
0.12273092059900922
0.19409074342969918
0.2656696263955016
0.33710569477384966
0.40804487391136424
0.4781435734471833
0.5470713307917199
0.6145121382920296
0.6801678328844786
0.7437584280572336
0.8050245098914715
0.8637270352642026
0.9196497065131741
0.9725994798445008
1.022406151323342
1.068920553610395
1.1120205031950063
1.1516033761057383
1.1875890586792492
1.2199194411951235
1.2485539789619602
1.2734748043279998
1.2946754742529745
1.3121723693245806
1.3259881045380302
1.3361666611148233
