0.32751888811837454
-0.04305866891010201
-0.4057398328037733
-0.7600235195344108
-1.105512317631303
-1.4420161607389472
-1.7693277037421784
-2.0874469466410184
-2.396373889435423
-2.6962122046829973
-2.987048286181771
-3.268985806489172
-3.542162995682088
-3.8066316900392443
-4.062426447079823
-4.309478151765471
-4.547734967817395
-4.7769031563224775
-4.99670625712722
-5.206729580001334
-5.406368368359
-5.595000586854829
-5.771814133787825
-5.93592779241871
-6.086287558412174
-6.221822148673345
-6.341322050030589
-6.4435086342739085
-6.527072171425977
-6.5906545509827765
-6.632883839432299
-6.652403654146482
-6.6478956257682125
-6.618091493343241
-6.561823212722955
-6.477997038425017
-6.365736937337964
-6.224189338737825
-6.052818601077153
-5.8512273128852765
-5.619225407806646
-5.356864722120063
-5.064456273498205
-4.742622097286513
-4.392105180147541
-4.014097756493326
-3.609930290812671
-3.181226986507484
-2.7299230646523562
-2.258143812677492
-1.7682736994068973
-1.262904538779832
-0.7448354898506224
-0.21700394175038282
0.3174280925150432
0.8552985999398228
1.39323822240298
1.9279121593027106
2.4559164949989327
2.9738991501301566
3.478456209056267
3.9664256587714206
4.434593649991026
4.87998823606472
5.299792979178623
5.691346950355109
6.052282959529713
6.3804238829934965
6.673920893469819
6.931149787556767
7.150849215803937
7.331982452635637
7.473937829962214
7.576324847816829
7.639112231644612
7.662573676997548
7.647274890464765
7.594083956928305
7.5040961769588845
7.378738776099008
7.219601400231424
7.028498319113552
6.807416590098799
6.558567894415316
6.284146634531594
5.986571836790901
5.668297085055721
5.331758684428893
4.979462055051671
4.61386078078646
4.237356609217019
3.8523167304077344
3.4609355468272085
3.0654074609439244
2.667684972592092
2.269634187807981
1.8729311462722467
1.4791136575888573
1.0895294650061902
0.7053189666574348
