1.25494685
1.2582248997075502
1.2577897921548435
1.2536915981597982
1.2460136720302737
1.2348478541808512
1.2202811484608758
1.2024097782034464
1.1813239540426899
1.1571184750262002
1.1298838605218915
1.0997116852009847
1.066691786571166
1.0309121425810914
0.992461748967833
0.9514267025212747
0.9078972793463376
0.8619599405721236
0.8137090654540805
0.7632366890986813
0.710644141
0.6560338760801477
0.5995187341860383
0.5412177188054627
0.481258728442608
0.419781353018889
0.35693445403929425
0.29288103733257526
0.2277948617128066
0.16186502657954555
0.09529278168779365
0.028293965553414666
-0.0389019624892567
-0.10605235119428634
-0.17290175925074622
-0.23918274751571053
-0.30461683565696973
-0.3689175687532854
-0.43178760993520104
-0.49292757794735365
-0.5520303315571539
-0.6087904779959091
-0.6628998243394524
-0.7140560456153447
-0.7619612120424516
-0.8063257083605886
-0.8468724654250671
-0.8833358109525351
-0.9154702660767011
-0.9430441807026512
-0.96585526
-0.9837149460980403
-0.996472743005881
-1.0039951547447394
-1.0061878675784928
-1.0029809007985073
-0.9943417991484087
-0.9802686577951467
-0.960794599776762
-0.9359879128950237
-0.9059478803294063
-0.8708130278826566
-0.8307470878119687
-0.7859546943468535
-0.7366605528286733
-0.6831283559066876
-0.625639179712639
-0.564505622698591
-0.5000565795553014
-0.4326435030778767
-0.3626319768389279
-0.2904010847055266
-0.2163408785104261
-0.1408467587526724
-0.06431832512058971
0.012844401584313929
0.09024406012992564
0.16748913779697316
0.24419717584899597
0.3199957980897283
0.3945288182150375
0.4674535789532959
0.538448972483534
0.6072101205083889
0.6734588989329218
0.7369344837165445
0.797404700184208
0.8546602936776156
0.908516388501768
0.9588137733089268
1.0054187531303462
1.0482202802011604
1.0871323765695644
1.1220917349804038
1.1530548941596628
1.1800020516948597
1.2029267402582497
1.2218465152913662
1.2367857975097591
1.247792096838794
