[ 0.33082716 -0.09349826  0.03055734]
[-0.0434936  -0.22169999  0.07164565]
[-0.40983821 -0.35632929  0.1153243 ]
[-0.76770052 -0.48754843  0.16000316]
[-1.11667911 -0.60404014  0.20338302]
[-1.45658198 -0.69429113  0.24243584]
[-1.7871997  -0.74801595  0.27348303]
[-2.10853227 -0.75761921  0.29244681]
[-2.42057969 -0.7194123   0.29527356]
[-2.72344667 -0.63446993  0.27853872]
[-3.01722049 -0.50889553  0.24014514]
[-3.30200587 -0.35347098  0.18003346]
[-3.57794242 -0.18264564  0.10075524]
[-3.84508252 -0.01297377  0.00777481]
[-4.10346106  0.13882439 -0.09062321]
[-4.35300823  0.25792436 -0.18388887]
[-4.59367168  0.33329635 -0.2602246 ]
[-4.8251547   0.35915264 -0.30797558]
[-5.04717804  0.3357257  -0.3172348 ]
[-5.25932281  0.26920518 -0.28140923]
[-5.46097815  0.17086292 -0.19852793]
[-5.65151574  0.0554249  -0.07200189]
[-5.83011529 -0.06103657  0.08930901]
[-5.99588666 -0.16338624  0.27181816]
[-6.14776521 -0.23951891  0.45866189]
[-6.28466884 -0.28193844  0.63170912]
[-6.40537581 -0.28857035  0.77383906]
[-6.50859458 -0.26268765  0.8711156 ]
[-6.59300219 -0.21200906  0.91454636]
[-6.65722682 -0.14714181  0.90108672]
[-6.69988267 -0.07969275  0.83376022]
[-6.71959965 -0.02040192  0.72087576]
[-6.71504609  0.02235964  0.57447875]
[-6.6849409   0.04346947  0.40834872]
[-6.62810426  0.04119818  0.23589581]
[-6.54343135  0.01666423  0.0683378 ]
[-6.43003731 -0.02721066 -0.0865472 ]
[-6.28705994 -0.08695456 -0.22491056]
[-6.11395818 -0.15968256 -0.34654304]
[-5.91033062 -0.24385119 -0.45396822]
[-5.67598526 -0.33944525 -0.55113406]
[-5.41097447 -0.44757544 -0.64203439]
[-5.1156124  -0.56959355 -0.72953427]
[-4.79052737 -0.70594942 -0.81461285]
[-4.43646988 -0.85507178 -0.89612043]
[-4.0546442  -1.01253811 -0.97101899]
[-3.64639423 -1.1707572  -1.03498787]
[-3.21336059 -1.31924789 -1.08319945]
[-2.75749805 -1.44552241 -1.11108913]
[-2.28095335 -1.53641614 -1.11493904]
[-1.78613505 -1.57969911 -1.09222793]
[-1.27566115 -1.56567308 -1.0416962 ]
[-0.75235908 -1.48859279 -0.96324569]
[-0.2191959  -1.34757103 -0.8576783 ]
[ 0.32063444 -1.14709402 -0.72655421]
[ 0.86393798 -0.89676039 -0.57203325]
[ 1.40731134 -0.61049752 -0.39689118]
[ 1.94738602 -0.30536163 -0.20468948]
[2.48072373e+00 1.14444433e-04 7.99874158e-05]
[3.00393854 0.28761166 0.2118271 ]
[3.51359213 0.54082508 0.42395312]
[4.00649056 0.74676804 0.62897208]
[4.47938753 0.89691188 0.81903931]
[4.92928105 0.98759738 0.98649862]
[5.35332624 1.02001261 1.12461657]
[5.7488353  0.99959662 1.22823331]
[6.11341713 0.93498046 1.29416489]
[6.44487261 0.8368126  1.32146793]
[6.74133424 0.7164668  1.3113047 ]
[7.0011614  0.58494463 1.26659331]
[7.22308002 0.45205828 1.19147297]
[7.40604288 0.32597207 1.09075379]
[7.54943215 0.21306617 0.96944838]
[7.65285338 0.11803467 0.83248619]
[7.71627498 0.04409547 0.68463546]
[ 7.73997341e+00 -6.81551670e-03  5.30593917e-01]
[ 7.72452009 -0.03394549  0.37513027]
[ 7.67079188 -0.03773653  0.22319633]
[ 7.57989513 -0.01990359  0.0798796 ]
[ 7.45327149  0.0165155  -0.04983777]
[ 7.29252667  0.06722467 -0.16145844]
[ 7.09949325  0.12693887 -0.25148   ]
[ 6.87617837  0.18985122 -0.31783658]
[ 6.62481605  0.25026169 -0.3602052 ]
[ 6.34762286  0.30325712 -0.38006917]
[ 6.04704226  0.3452979  -0.38049972]
[ 5.72555261  0.37459292 -0.36570338]
[ 5.38561483  0.39116841 -0.3404155 ]
[ 5.02975965  0.39660336 -0.30925666]
[ 4.66046544  0.39348153 -0.27617375]
[ 4.28015819  0.38465464 -0.24404993]
[ 3.89122902  0.37248248 -0.21454478]
[ 3.49589449  0.35816246 -0.18813392]
[ 3.09637117  0.34134444 -0.16434285]
[ 2.69463129  0.32002848 -0.14204938]
[ 2.29255979  0.29086921 -0.11983324]
[ 1.89184964  0.24976735 -0.09626353]
[ 1.4940542   0.19272    -0.07011901]
[ 1.10053481  0.11676011 -0.040517  ]
[ 0.7124434   0.02083073 -0.0069726 ]
[0. 0. 0.]
