[ 0.33002998 -0.11169167 -0.09636789]
[ 0.32289557 -0.10803159 -0.09388202]
[ 0.31527012 -0.10559046 -0.09083427]
[ 0.30738959 -0.10432132 -0.08730107]
[ 0.29956415 -0.10420929 -0.08341394]
[ 0.29186538 -0.1051731  -0.07926897]
[ 0.28450984 -0.10720315 -0.07502951]
[ 0.27744416 -0.11021462 -0.07080568]
[ 0.27060394 -0.11413374 -0.06671887]
[ 0.26370463 -0.11880081 -0.06284138]
[ 0.25639063 -0.12400458 -0.05922708]
[ 0.24825356 -0.12946639 -0.05590297]
[ 0.23877021 -0.13477657 -0.05284004]
[ 0.22754532 -0.13949182 -0.04999038]
[ 0.21426067 -0.14309949 -0.04725928]
[ 0.1989191  -0.14518182 -0.04455218]
[ 0.18158222 -0.14527525 -0.04172422]
[ 0.16278873 -0.1432339  -0.03869796]
[ 0.14317627 -0.13904631 -0.03541584]
[ 0.12348506 -0.13290858 -0.03187828]
[ 0.10458494 -0.12535891 -0.02818343]
[ 0.08711319 -0.11696379 -0.02444875]
[ 0.07156317 -0.10841216 -0.02082535]
[ 0.05808852 -0.10020365 -0.01742056]
[ 0.04664418 -0.09272139 -0.01430882]
[ 0.03690393 -0.08589811 -0.01148271]
[ 0.02847148 -0.07933575 -0.00890284]
[ 0.02099198 -0.07231578 -0.00653038]
[ 0.01426447 -0.06386721 -0.00436432]
[ 0.00834978 -0.05298805 -0.0024745 ]
[ 0.00359343 -0.03884093 -0.00100014]
[ 0.00058014 -0.0209288  -0.0001209 ]
[ 2.97468141e-05  7.99019965e-04 -1.03902703e-05]
[ 0.00265839  0.02587892 -0.00078814]
[ 0.00904446  0.05347389 -0.00248739]
[ 0.019502    0.0823482  -0.00503867]
[ 0.03409552  0.11138168 -0.00829927]
[ 0.05255287  0.13927857 -0.01205421]
[ 0.07444554  0.16516561 -0.01607638]
[ 0.09922817  0.18843251 -0.02013699]
[ 0.12633241  0.20877316 -0.02401941]
[ 0.15523462  0.22615186 -0.02752046]
[ 0.18545493  0.24069141 -0.03043827]
[ 0.21668556  0.25276963 -0.03258533]
[ 0.24843051  0.26253988 -0.03373142]
[ 0.28035029  0.27037715 -0.03367079]
[ 0.31192921  0.27650867 -0.0321954 ]
[ 0.34254098  0.28113332 -0.02914094]
[ 0.37157284  0.28452881 -0.02443445]
[ 0.39831865  0.28694141 -0.01811554]
[ 0.42212136  0.28867202 -0.01036901]
[ 0.44237313  0.29003094 -0.00152629]
[0.45861179 0.29135877 0.00795141]
[0.47038453 0.2928985  0.01751066]
[0.47751368 0.29493432 0.0265636 ]
[0.47970167 0.297522   0.03453579]
[0.47687635 0.300691   0.04093916]
[0.468893   0.30424731 0.04540568]
[0.45571569 0.30787607 0.04773604]
[0.43727509 0.31103559 0.04790328]
[0.41381438 0.313188   0.04608447]
[0.38549573 0.3135254  0.04259024]
[0.35289755 0.31135658 0.03787271]
[0.31675163 0.30596621 0.0324361 ]
[0.27800299 0.29672856 0.02678145]
[0.23785107 0.28325795 0.02135545]
[0.19752598 0.26529077 0.01649046]
[0.1583508  0.2428648  0.01239427]
[0.12151945 0.21612728 0.00913521]
[0.08816953 0.18550742 0.00666889]
[0.05920798 0.1514597  0.00485442]
[0.03543807 0.11474786 0.00349705]
[0.01739326 0.07606775 0.00236558]
[0.00545108 0.03635718 0.00122855]
[-0.00024536 -0.00339929 -0.00013069]
[ 0.0002155  -0.04217132 -0.00189735]
[ 0.00650827 -0.07891508 -0.00421324]
[ 0.01808934 -0.1127352  -0.00717533]
[ 0.03421762 -0.14278383 -0.01082448]
[ 0.05405385 -0.16858332 -0.01516493]
[ 0.07670334 -0.18983227 -0.02015755]
[ 0.10130422 -0.20649918 -0.0257351 ]
[ 0.12703638 -0.21868929 -0.0317989 ]
[ 0.15328469 -0.22683541 -0.03825952]
[ 0.17940132 -0.2312153  -0.0449808 ]
[ 0.2048949  -0.23227146 -0.05183384]
[ 0.22934772 -0.23045202 -0.05868445]
[ 0.25229758 -0.22610591 -0.06537165]
[ 0.27336919 -0.21963992 -0.07174909]
[ 0.29220538 -0.21144195 -0.07767475]
[ 0.30847277 -0.20188814 -0.08301706]
[ 0.3220113  -0.19142769 -0.08769723]
[ 0.33260685 -0.18041355 -0.09162727]
[ 0.34034052 -0.16929591 -0.09480138]
[ 0.34525943 -0.15841223 -0.09720127]
[ 0.34757908 -0.14809279 -0.09884679]
[ 0.34753071 -0.1385838  -0.09975037]
[ 0.34542864 -0.13008492 -0.09993593]
[ 0.34162039 -0.1227363  -0.09942872]
[ 0.63794385 -0.22112097 -0.18629529]
[-0.30228392  0.10230161  0.08826612]
