[-40.78837949  -3.8848017   11.93996572]
[-4.16148663e+01 -3.77700125e+00 -3.97210194e-02]
[-39.49878534  -3.52323787 -11.50337753]
[-34.97715338  -3.12304804 -20.96277761]
[-29.13514776  -2.59400266 -27.53594845]
[-23.13041084  -1.97279679 -31.12399288]
[-17.77997883  -1.31330571 -32.29632817]
[-13.37866402  -0.68176451 -32.00555817]
[ -9.74735596  -0.1487046  -31.27520635]
[ -6.40368794   0.2206336  -30.95527272]
[ -2.90065555   0.37606372 -31.43144099]
[  0.38564471   0.29100874 -32.1736971 ]
[ 2.64441146e+00 -3.14614364e-02 -3.24105543e+01]
[  3.50734575  -0.5562292  -31.87771824]
[  2.87265333  -1.21820904 -30.51272556]
[  0.79168277  -1.9286443  -28.33787822]
[ -2.53031482  -2.58489098 -25.45913782]
[ -6.7521967   -3.08277951 -22.05680661]
[-11.43416742  -3.33024832 -18.37208462]
[-16.08120618  -3.2596262  -14.67568178]
[-20.19515782  -2.83755088 -11.23644649]
[-23.33002898  -2.07104708  -8.29313021]
[-25.1369416   -1.0080926   -6.02213624]
[-25.40010252   0.26678863  -4.51781741]
[-24.05897677   1.6415262   -3.78546198]
[-21.21197205   2.9893115   -3.74405938]
[-17.10004053   4.18368524  -4.23729361]
[-12.07568459   5.11347762  -5.05639933]
[-6.55941627  5.6958634  -5.96749082]
[-0.98660845  5.88572904 -6.73680592]
[ 4.24404721  5.6795383  -7.15671228]
[ 8.81553357  5.11341521 -7.0671657 ]
[12.52607234  4.25577595 -6.369881  ]
[15.30510043  3.19585985 -5.03577479]
[17.21103787  2.03027552 -3.10383883]
[18.4109765   0.84994395 -0.67339568]
[19.14791264 -0.27045601  2.11370295]
[19.6980985  -1.27877284  5.09507657]
[20.31941757 -2.14645276  8.11012056]
[20.73020355 -2.86482552 11.234748  ]
[19.74861311 -3.4373884  14.86490666]
[16.82930109 -3.8699769  19.02037364]
[12.65354861 -4.1613914  23.25680302]
[ 8.13328156 -4.29651186 27.20751874]
[ 4.14835175 -4.24381848 30.62737398]
[ 1.40930365 -3.95837204 33.33910089]
[ 0.37690626 -3.38973761 35.19188843]
[ 1.2414743  -2.49410572 36.03908974]
[ 3.96052443 -1.24804901 35.74302812]
[ 8.32805764  0.33928876 34.19299831]
[14.02617803  2.21757051 31.32387671]
[20.65289243  4.29298479 27.15684436]
[27.74573197  6.43358675 21.86613273]
[34.82316379  8.4811331  15.8381888 ]
[41.45014961 10.26859103  9.6691136 ]
[47.29027759 11.63986176  4.06936001]
[52.10513567 12.46800506 -0.31870775]
[55.71199582 12.67078281 -3.13055542]
[57.93665635 12.21988248 -4.43516604]
[58.6071967  11.14296135 -4.78331213]
[57.59728631  9.52058697 -5.13117361]
[54.89628936  7.47647136 -6.56344845]
[50.86559808  5.16233804 -9.28017186]
[ 46.07861397   2.7424248  -12.53409055]
[ 40.89214395   0.37623405 -15.73910767]
[ 35.51948426  -1.79689036 -18.60542736]
[ 30.14800074  -3.66794321 -20.91284785]
[ 24.92615121  -5.16459052 -22.51862181]
[ 19.95520034  -6.25167765 -23.3610122 ]
[ 15.28799046  -6.92697513 -23.4525829 ]
[ 10.93492745  -7.21404911 -22.86366523]
[  6.87612229  -7.15381283 -21.70243096]
[  3.07579186  -6.79678914 -20.09313371]
[ -0.50563851  -6.19737663 -18.15427838]
[ -3.89727073  -5.41011121 -15.98404214]
[ -7.10973045  -4.48837922 -13.6509909 ]
[-10.13422661  -3.48472249 -11.1908255 ]
[-12.94491308  -2.45146444  -8.61108128]
[-15.50524714  -1.44088218  -5.90224031]
[-17.77719838  -0.50414523  -3.05119351]
[-19.73358437   0.31094309  -0.05309635]
[-21.36520646   0.96353969   3.07521321]
[-22.68366456   1.42382126   6.2866263 ]
[-23.72613713   1.67619488   9.50575868]
[-24.55173232   1.72127822  12.63444746]
[-25.22861191   1.57602204  15.55993317]
[-25.82797474   1.27103053  18.1738868 ]
[-26.41238949   0.84610789  20.38942786]
[-27.02047147   0.34485169  22.15324549]
[-27.66163766  -0.19138428  23.45867419]
[-28.11931604  -0.72834213  24.55388811]
[-27.54439935  -1.24194458  26.37463757]
[-25.58525084  -1.71896689  29.39302175]
[-23.11955745  -2.15524147  32.94149167]
[-21.30970539  -2.55233534  36.1841104 ]
[-21.12749027  -2.91275288  38.35028325]
[-23.09183222  -3.2353985   38.68234393]
[-27.07528479  -3.51248306  36.4605906 ]
[-32.26070238  -3.72843068  31.17277251]
[-37.31540507  -3.86099899  22.78235718]
