[ 0.02735443 -0.09349826  0.33110738]
[-0.07810978 -0.22169999 -0.0303917 ]
[-0.18473992 -0.35632929 -0.383586  ]
[-0.29088215 -0.48754843 -0.72825317]
[-0.39420247 -0.60404014 -1.06439715]
[-0.4916855  -0.69429113 -1.39235469]
[-0.57967218 -0.74801595 -1.71255829]
[-0.65414668 -0.75761921 -2.02571607]
[-0.71111694 -0.7194123  -2.33253193]
[-0.74722864 -0.63446993 -2.63370366]
[-0.76043164 -0.50889553 -2.92968137]
[-0.75068565 -0.35347098 -3.22057849]
[-0.72052772 -0.18264564 -3.50608947]
[-0.67534826 -0.01297377 -3.78531699]
[-0.6233121   0.13882439 -4.05685682]
[-0.57479676  0.25792436 -4.31880823]
[-0.54141151  0.33329635 -4.56907102]
[-0.53458258  0.35915264 -4.80532916]
[-0.56401797  0.3357257  -5.02558731]
[-0.63613783  0.26920518 -5.22828808]
[-0.75277706  0.17086292 -5.41248763]
[-0.91046739  0.0554249  -5.57815952]
[-1.10034111 -0.06103657 -5.72603439]
[-1.30886342 -0.16338624 -5.85759494]
[-1.51924201 -0.23951891 -5.97472104]
[-1.71343333 -0.28193844 -6.07949546]
[-1.87436454 -0.28857035 -6.17368801]
[-1.98808699 -0.26268765 -6.25844677]
[-2.04551516 -0.21200906 -6.33403037]
[-2.04341249 -0.14714181 -6.39961652]
[-1.98451595 -0.07969275 -6.45331545]
[-1.87677028 -0.02040192 -6.49233507]
[-1.73180665  0.02235964 -6.51327226]
[-1.56297279  0.04346947 -6.51247262]
[-1.38327025  0.04119818 -6.48644558]
[-1.20355453  0.01666423 -6.43215519]
[-1.03133191 -0.02721066 -6.34737936]
[-0.87024284 -0.08695456 -6.23060068]
[-0.72039943 -0.15968256 -6.08124999]
[-0.57924672 -0.24385119 -5.89937017]
[-0.44286341 -0.33944525 -5.68545771]
[-0.30732541 -0.44757544 -5.44025771]
[-0.16986577 -0.56959355 -5.16457705]
[-0.0296293  -0.70594942 -4.85920453]
[ 0.11212143 -0.85507178 -4.52467961]
[ 0.25218546 -1.01253811 -4.16166072]
[ 0.38607436 -1.1707572  -3.77072107]
[ 0.508749   -1.31924789 -3.35263803]
[ 0.61537468 -1.44552241 -2.90854406]
[ 0.70191722 -1.53641614 -2.43990767]
[ 0.76547544 -1.57969911 -1.94866303]
[ 0.80435426 -1.56567308 -1.43716964]
[ 0.81796604 -1.48859279 -0.90819491]
[ 0.80658527 -1.34757103 -0.3648001 ]
[ 0.77119381 -1.14709402  0.18959846]
[ 0.71336403 -0.89676039  0.75148029]
[ 0.63523856 -0.61049752  1.31701168]
[ 0.53973982 -0.30536163  1.88225689]
[4.30694383e-01 1.14444433e-04 2.44304985e+00]
[0.31301948 0.28761166 2.99508535]
[0.19261655 0.54082508 3.53383146]
[0.07630321 0.74676804 4.05484283]
[-0.02875878  0.89691188  4.55356025]
[-0.11555082  0.98759738  5.02569788]
[-0.17793577  1.02001261  5.4672848 ]
[-0.21129891  0.99959662  5.87477805]
[-0.21291987  0.93498046  6.24526996]
[-0.18225148  0.8368126   6.57643101]
[-0.12076263  0.7164668   6.86662389]
[-0.031612    0.58494463  7.11473965]
[0.08090287 0.45205828 7.32024231]
[0.21186306 0.32597207 7.48293586]
[0.35622485 0.21306617 7.60308226]
[0.50906519 0.11803467 7.68114905]
[0.66568278 0.04409547 7.71793313]
[ 8.21499274e-01 -6.81551670e-03  7.71452249e+00]
[ 0.97191764 -0.03394549  7.67230796]
[ 1.11221356 -0.03773653  7.59301295]
[ 1.23756893 -0.01990359  7.47861044]
[1.34332763 0.0165155  7.33138531]
[1.42533949 0.06722467 7.15369984]
[1.48047352 0.12693887 6.94796695]
[1.50704377 0.18985122 6.71652203]
[1.50512011 0.25026169 6.46162124]
[1.47654821 0.30325712 6.18518989]
[1.42477695 0.3452979  5.88910102]
[1.3543793  0.37459292 5.57506488]
[1.27044602 0.39116841 5.24468271]
[1.17796695 0.39660336 4.89964445]
[1.08125938 0.39348153 4.54170542]
[0.98358394 0.38465464 4.17275414]
[0.88699019 0.37248248 3.7948572 ]
[0.79233145 0.35816246 3.41011489]
[0.69952533 0.34134444 3.0207925 ]
[0.60780914 0.32002848 2.62902717]
[0.51611153 0.29086921 2.23692183]
[0.42331731 0.24976735 1.84639221]
[0.32849354 0.19272    1.45918012]
[0.23100733 0.11676011 1.07677951]
[0.13058117 0.02083073 0.70040901]
[0. 0. 0.]
