[-48.95869616  -5.31688478 -14.2340316 ]
[ -7.00234663  -1.45057974 -20.26831221]
[ 34.27103636   2.23711772 -14.15458956]
[71.99522405  5.595896    2.73844285]
[104.22534312   8.48321381  27.77096566]
[130.26551956  10.78390133  57.81033975]
[150.48616481  12.42880738  90.01895141]
[165.82547722  13.41051274 122.40299608]
[177.24349285  13.7923364  154.03006776]
[185.32018913  13.70792195 184.95340878]
[190.05086873  13.3510692  215.9406132 ]
[191.12150023  12.95579451 247.81629076]
[189.27957931  12.76905172 280.2880074 ]
[185.8326773   13.01871739 312.63739926]
[182.26488781  13.88151012 344.04344388]
[180.08737065  15.45513547 373.66285038]
[180.68152227  17.73879871 400.71920031]
[185.14800029  20.62491744 424.58112603]
[194.18591567  23.90435774 444.83281354]
[208.01633512  27.28541407 461.32529527]
[226.34832803  30.42361013 474.18417711]
[248.40665076  32.96051582 483.79818825]
[273.00838599  34.56570429 490.77043754]
[298.68053396  34.97670103 495.84246073]
[323.80859103  34.03212703 499.80607235]
[346.7984875   31.69364863 503.41338468]
[366.23253513  28.05350402 507.29419112]
[380.99856856  23.32627815 511.88797191]
[390.3839043   17.82654879 517.40698978]
[394.11740109  11.93455136 523.82295354]
[392.3571212    6.05509071 530.88060163]
[385.62930668   0.57547476 538.1363781 ]
[374.72605407  -4.17173972 545.01493302]
[360.57716199  -7.93607714 550.8761401 ]
[344.11585321 -10.56345942 555.0864826 ]
[326.15508625 -11.99662817 557.08381776]
[307.29390021 -12.26334732 556.43327396]
[287.85926097 -11.45571614 552.85641185]
[267.89770322  -9.70580163 546.24312082]
[247.22042583  -7.16281062 536.63617073]
[226.43729611  -3.97615058 523.77362482]
[ 2.07723200e+02 -2.88033827e-01  5.06906357e+02]
[192.77869393   3.76380322 485.73287754]
[182.41610239   8.03474897 460.39275137]
[176.51213081  12.35682694 431.31784006]
[174.11939889  16.52238593 399.13800342]
[173.69352351  20.27357103 364.63963827]
[173.36558636  23.30186115 328.75422656]
[171.2105749   25.26178247 292.56145879]
[165.44453751  25.79795918 257.26817033]
[154.55445963  24.58320494 224.17546218]
[137.39218144  21.36281815 194.62041691]
[113.24867476  15.99723537 169.86177345]
[ 81.90071751   8.49564464 150.88815146]
[ 43.60234718  -0.96503083 138.18539586]
[ -0.99958171 -12.04153742 131.54992425]
[-50.97820799 -24.24475435 130.04667583]
[-105.20985304  -36.97754753  132.18733976]
[-162.40219964  -49.58631998  136.30778667]
[-221.08316573  -61.41731249  141.05767185]
[-279.61659305  -71.87224268  145.87441092]
[-336.27773836  -80.45848643  151.32001907]
[-389.40917176  -86.8251854   159.00130783]
[-438.00893453  -90.78316251  169.88036279]
[-481.56639971  -92.310035    184.06948892]
[-519.79322243  -91.53563061  201.35857814]
[-552.60536822  -88.71625428  221.28034364]
[-580.0892239   -84.19974419  243.18427384]
[-602.45767064  -78.38707324  266.31758727]
[-619.99962457  -71.69638889  289.90629825]
[-633.03365156  -64.53312299  313.22275307]
[-641.86947947  -57.26829067  335.6336287 ]
[-646.78589613  -50.22549732  356.62761498]
[-648.0210632   -43.67471239  375.81989612]
[-645.77461912  -37.83074407  392.93617175]
[-640.22652174  -32.85448996  407.78798039]
[-631.55515822  -28.85398563  420.23815355]
[-619.95806853  -25.88504499  430.16963138]
[-605.66533206  -23.95105674  437.4603161 ]
[-588.94757425  -23.00328062  441.97411201]
[-570.11093529  -22.94276628  443.56270313]
[-549.4804055   -23.6251668   442.08030471]
[-527.38052237  -24.86984566  437.4122767 ]
[-504.11307639  -26.47280933  429.50705212]
[-479.92824811  -28.22223542  418.40075935]
[-455.00961175  -29.91536576  404.2381572 ]
[-429.47102428  -31.37427951  387.28089302]
[-403.35366226  -32.45742683  367.89038361]
[-376.6462453   -33.06649528  346.50203729]
[-349.31271933  -33.1471302   323.58389262]
[-321.32296999  -32.68372673  299.58468892]
[-293.07408726  -31.69044595  274.47611641]
[-266.2341713   -30.19983757  246.83541378]
[-241.90358558  -28.25251217  215.69007291]
[-219.99505641  -25.88935462  180.95243045]
[-199.2841748   -23.14784149  143.32185211]
[-177.74007587  -20.06384887  104.25186396]
[-153.10051036  -16.6770445    65.95716424]
[-123.5895063   -13.03888276   31.33068277]
[-39.62040945  -3.90329837  17.84565082]
