[ 0.         -0.00606689  0.01856325]
[-25.56273691   1.77407226  -0.55343785]
[-7.04039043  7.74530186 -2.56420817]
[11.10776292 14.22335461 -4.88494168]
[28.85264297 20.78229479 -7.4438521 ]
[ 46.17201197  26.89942532 -10.11039084]
[ 63.05132984  32.00898724 -12.69348452]
[ 79.48076065  35.56877055 -14.9488106 ]
[ 95.4551726   37.13159996 -16.59734785]
[110.97456569  36.41230255 -17.35545184]
[126.04150583  33.34030643 -16.97469579]
[140.66069715  28.08913016 -15.28694179]
[154.83684379  21.07615509 -12.2480619 ]
[168.57593285  12.93044167  -7.97252458]
[181.88266847   4.42979975  -2.75072773]
[194.75918889  -3.58627372   2.95716262]
[207.20463882 -10.31736008   8.55432401]
[219.21602471 -15.10312963  13.36649314]
[230.78479357 -17.51004734  16.72174105]
[241.89683298 -17.39054386  18.04111966]
[252.53503697 -14.90418182  16.92668316]
[262.67417422 -10.49656954  13.23306417]
[272.28388164  -4.83732032   7.109343  ]
[281.32866434   1.27480172  -0.99844768]
[289.76661267   7.02521546 -10.387116  ]
[297.54982993  11.69807191 -20.17511527]
[304.62571525  14.77389977 -29.40997957]
[310.93781892  15.99466172 -37.18870144]
[316.42455944  15.38592148 -42.77183469]
[321.02187494  13.23359379 -45.67360388]
[324.66373638  10.02065227 -45.71349977]
[327.28257516   6.33667559 -43.0214504 ]
[328.81086547   2.77783849 -37.99782113]
[ 3.29182407e+02 -1.43842322e-01 -3.12361959e+01]
[328.3331812   -2.06552302 -23.42399984]
[326.20288898  -2.80247604 -15.23925889]
[322.73555122  -2.33857749  -7.26099277]
[ 3.17882416e+02 -7.84393688e-01  9.29545595e-02]
[311.60067533   1.68449371   6.5932193 ]
[303.85594651   4.89217725  12.19083156]
[294.62513637   8.71421088  16.98066749]
[283.89370484  13.10413789  21.14717338]
[271.65823072  18.08900617  24.9048817 ]
[257.92769464  23.73616435  28.44565878]
[242.72518968  30.10025924  31.90072766]
[226.08450012  37.16371603  35.32118956]
[208.05352268  44.7855647   38.67591827]
[188.69469417  52.67117792  41.86296056]
[168.08114261  60.37072693  44.72792109]
[146.30096377  67.30871321  47.08394826]
[123.45465521  72.8400778   48.72890534]
[99.65383342 76.32445939 49.45810164]
[75.0216614  77.2067712  49.07330485]
[49.69156571 75.09258961 47.39092436]
[23.80552593 69.80597234 44.25133942]
[-2.48549773 61.42495194 39.53371865]
[-29.02498564  50.28830161  33.17567241]
[-55.65128635  36.9707875   25.19419876]
[-82.19847195  22.23557345  15.70803472]
[-108.49975919    6.96523788    4.95300082]
[-134.38793722   -7.91978483   -6.71433573]
[-159.69579514  -21.54732988  -18.82973533]
[-184.26082623  -33.17130463  -30.85005871]
[-207.92522789  -42.23462184  -42.19710251]
[-230.53590168  -48.41072262  -52.3117373 ]
[-251.94958508  -51.6168508   -60.70791237]
[-272.03071326  -52.00148263  -67.02067963]
[-290.65484027  -49.90501694  -71.03587448]
[-307.70949435  -45.80483151  -72.70058181]
[-323.09503322  -40.25267558  -72.11313703]
[-336.72549936  -33.81347163  -69.4940194 ]
[-348.52947533  -27.01552196  -65.14683031]
[-358.45008379  -20.31728473  -59.41704339]
[-366.44652699  -14.091702    -52.65664349]
[-372.49400128   -8.62538918  -45.19953042]
[-376.58206772   -4.1269142   -37.34977484]
[-378.71672624   -0.73723684  -29.38084446]
[-378.91875204    1.46316455  -21.54082285]
[-377.22363147    2.45314809  -14.05841007]
[-373.67995831    2.27495838   -7.14507288]
[-368.35016509    1.03932679   -0.99031307]
[-361.30891936   -1.07333447    4.24849459]
[-352.64046805   -3.82056985    8.45992084]
[-342.438894     -6.91689443   11.5916199 ]
[-330.80811599  -10.06275207   13.65796415]
[-317.85718459  -12.97946707   14.74003787]
[-303.70028217  -15.44322098   14.97631881]
[-288.45800582  -17.31090948   14.54555588]
[-272.25138029  -18.53217043   13.64491771]
[-255.2027133   -19.14455785   12.46710275]
[-237.43474019  -19.25256173   11.1803505 ]
[-219.0676304   -18.994417      9.91401383]
[-200.21941516  -18.50365409    8.75134888]
[-181.00299386  -17.87253449    7.72899679]
[-161.52698944  -17.12528276    6.84214026]
[-141.89403773  -16.20584499    6.05296766]
[-122.19864922  -14.98302503    5.30034974]
[-102.52849202  -13.27295923    4.50943404]
[-82.9631089  -10.87502742   3.60011996]
[-38.01118038  -9.39139126   3.08910145]
