[0. 0. 0.]
[-24.47934808  -2.65844239  -7.1170158 ]
[ -3.50117331  -0.72528987 -10.13415611]
[17.13551818  1.11855886 -7.07729478]
[35.99761202  2.797948    1.36922143]
[52.11267156  4.2416069  13.88548283]
[65.13275978  5.39195066 28.90516987]
[75.2430824   6.21440369 45.00947571]
[82.91273861  6.70525637 61.20149804]
[88.62174642  6.8961682  77.01503388]
[92.66009457  6.85396097 92.47670439]
[ 95.02543436   6.6755346  107.9703066 ]
[ 95.56075011   6.47789726 123.90814538]
[ 94.63978965   6.38452586 140.1440037 ]
[ 92.91633865   6.50935869 156.31869963]
[ 91.13244391   6.94075506 172.02172194]
[ 90.04368532   7.72756774 186.83142519]
[ 90.34076113   8.86939936 200.35960016]
[ 92.57400014  10.31245872 212.29056302]
[ 97.09295783  11.95217887 222.41640677]
[104.00816756  13.64270704 230.66264764]
[113.17416401  15.21180507 237.09208855]
[124.20332538  16.48025791 241.89909413]
[136.504193    17.28285214 245.38521877]
[149.34026698  17.48835052 247.92123036]
[161.90429552  17.01606351 249.90303618]
[173.39924375  15.84682432 251.70669234]
[183.11626756  14.02675201 253.64709556]
[190.49928428  11.66313908 255.94398595]
[195.19195215   8.9132744  258.70349489]
[197.05870055   5.96727568 261.91147677]
[196.1785606    3.02754535 265.44030081]
[192.81465334   0.28773738 269.06818905]
[187.36302703  -2.08586986 272.50746651]
[180.288581    -3.96803857 275.43807005]
[172.05792661  -5.28172971 277.5432413 ]
[163.07754312  -5.99831409 278.54190888]
[153.6469501   -6.13167366 278.21663698]
[143.92963048  -5.72785807 276.42820593]
[133.94885161  -4.85290082 273.12156041]
[123.61021292  -3.58140531 268.31808537]
[113.21864805  -1.98807529 261.88681241]
[ 1.03861600e+02 -1.44016914e-01  2.53453179e+02]
[ 96.38934696   1.88190161 242.86643877]
[ 91.2080512    4.01737449 230.19637569]
[ 88.25606541   6.17841347 215.65892003]
[ 87.05969944   8.26119296 199.56900171]
[ 86.84676175  10.13678551 182.31981914]
[ 86.68279318  11.65093058 164.37711328]
[ 85.60528745  12.63089123 146.2807294 ]
[ 82.72226875  12.89897959 128.63408516]
[ 77.27722981  12.29160247 112.08773109]
[68.69609072 10.68140908 97.31020846]
[56.62433738  7.99861768 84.93088673]
[40.95035875  4.24782232 75.44407573]
[21.80117359 -0.48251542 69.09269793]
[-0.49979085 -6.02076871 65.77496213]
[-25.48910399 -12.12237718  65.02333792]
[-52.60492652 -18.48877377  66.09366988]
[-81.20109982 -24.79315999  68.15389333]
[-110.54158287  -30.70865625   70.52883592]
[-139.80829652  -35.93612134   72.93720546]
[-168.13886918  -40.22924321   75.66000954]
[-194.70458588  -43.4125927    79.50065391]
[-219.00446726  -45.39158125   84.94018139]
[-240.78319985  -46.1550175    92.03474446]
[-259.89661121  -45.7678153   100.67928907]
[-276.30268411  -44.35812714  110.64017182]
[-290.04461195  -42.09987209  121.59213692]
[-301.22883532  -39.19353662  133.15879363]
[-309.99981229  -35.84819444  144.95314912]
[-316.51682578  -32.26656149  156.61137654]
[-320.93473974  -28.63414533  167.81681435]
[-323.39294807  -25.11274866  178.31380749]
[-324.0105316   -21.83735619  187.90994806]
[-322.88730956  -18.91537203  196.46808587]
[-320.11326087  -16.42724498  203.8939902 ]
[-315.77757911  -14.42699282  210.11907677]
[-309.97903426  -12.9425225   215.08481569]
[-302.83266603  -11.97552837  218.73015805]
[-294.47378712  -11.50164031  220.987056  ]
[-285.05546765  -11.47138314  221.78135156]
[-274.74020275  -11.8125834   221.04015235]
[-263.69026119  -12.43492283  218.70613835]
[-252.05653819  -13.23640466  214.75352606]
[-239.96412405  -14.11111771  209.20037968]
[-227.50480587  -14.95768288  202.1190786 ]
[-214.73551214  -15.68713975  193.64044651]
[-201.67683113  -16.22871341  183.9451918 ]
[-188.32312265  -16.53324764  173.25101865]
[-174.65635967  -16.5735651   161.79194631]
[-160.66148499  -16.34186336  149.79234446]
[-146.53704363  -15.84522297  137.2380582 ]
[-133.11708565  -15.09991878  123.41770689]
[-120.95179279  -14.12625608  107.84503645]
[-109.9975282   -12.94467731   90.47621523]
[-99.6420874  -11.57392075  71.66092606]
[-88.87003793 -10.03192444  52.12593198]
[-76.55025518  -8.33852225  32.97858212]
[-37.31540507  -3.86099899  22.78235718]
