[-0.00400112  0.01567465  0.01094064]
[-22.93566631  -2.6146166  -11.13670216]
[ -1.80339173  -0.76337882 -10.59702754]
[18.09649848  0.87182396 -4.61579184]
[35.81999861  2.22932144  5.63449579]
[50.96477615  3.27355391 18.69570036]
[63.5923707   4.00227082 33.18376448]
[74.0014045   4.44873134 48.06034344]
[82.47944102  4.67866974 62.77873449]
[89.12570372  4.78198323 77.30564849]
[93.77033281  4.86015779 92.03087021]
[ 96.1111538    5.01205455 107.45067226]
[ 96.33748107   5.32034435 123.52915125]
[ 94.9632354    5.84138053 139.98737373]
[ 92.67983385   6.59986315 156.44610869]
[ 90.29411041   7.58914218 172.4590571 ]
[ 88.64787585   8.77636932 187.55776757]
[ 88.52745543  10.11059104 201.30349907]
[ 90.57100992  11.53097159 213.33487334]
[ 95.18891966  12.97288133 223.41164864]
[102.50887621  14.37020896 231.44766045]
[112.34942601  15.6533008  237.51967163]
[124.23516748  16.74486088 241.86295174]
[137.4481607   17.55626778 244.84325594]
[151.1094689   17.98772944 246.90950903]
[164.28109879  17.93523421 248.53536853]
[176.07327365  17.30514641 250.15750162]
[185.74117268  16.03452079 252.11954876]
[192.75643806  14.11285527 254.63000832]
[196.84759103  11.59926325 257.7454816 ]
[198.00257902   8.62868851 261.37559888]
[196.436647     5.40344995 265.30798914]
[192.53454596   2.16995333 269.24686806]
[186.77729679  -0.81509852 272.85592322]
[179.66630369  -3.32130588 275.79814408]
[171.65678452  -5.17529027 277.76892979]
[163.10739196  -6.27841499 278.51927612]
[154.25115762  -6.6083383  277.87184904]
[145.18435447  -6.20577934 275.72500875]
[135.87922331  -5.15252432 272.05013172]
[126.69771639  -3.54834006 266.65211318]
[118.77242952  -1.4942152  259.04716622]
[112.95900082   0.91344748 248.96804883]
[109.60362571   3.57757367 236.37576623]
[108.51183447   6.38786208 221.41268422]
[109.01539815   9.20693863 204.38641017]
[110.13377218  11.86203639 185.78935943]
[110.7866164   14.14683147 166.30887181]
[109.99814587  15.8347822  146.78606771]
[107.03845583  16.70295565 128.12147869]
[101.45410845  16.56088836 111.14871074]
[93.00724995 15.27889377 96.53300108]
[81.58037077 12.81005077 84.72231201]
[67.10398511  9.20115165 75.93709515]
[49.53573571  4.59062812 70.16334442]
[28.88482804 -0.80542417 67.13520188]
[ 5.25493451 -6.71741019 66.32684504]
[-21.10466841 -12.85101715  66.99325923]
[-49.74984881 -18.91647288  68.29986435]
[-80.01441021 -24.65432498  69.53490432]
[-111.02499561  -29.85310675   70.35741135]
[-141.77225444  -34.35749044   71.00552136]
[-171.2436892   -38.06818165   72.32237627]
[-198.73657897  -40.93306347   75.00343745]
[-223.78607009  -42.93465738   79.39350046]
[-246.06203143  -44.07873414   85.66729373]
[-265.37590188  -44.38518783   93.8201495 ]
[-281.67584502  -43.88570502  103.68030468]
[-295.02805725  -42.62583002  114.93508668]
[-305.58908684  -40.66996156  127.17015036]
[-313.57260329  -38.10623133  139.91772265]
[-319.21729504  -35.04894756  152.70439721]
[-322.75914048  -31.63743807  165.09163948]
[-324.41299443  -28.03167127  176.7053756 ]
[-324.36182604  -24.40523174  187.25107836]
[-322.75308052  -20.93661122  196.51513467]
[-319.70437666  -17.79893583  204.35862032]
[-315.30991379  -15.14774015  210.70304409]
[-309.64986836  -13.10721014  215.51446596]
[-302.79876574  -11.75612001  218.78674515]
[-294.83451064  -11.11639764  220.52877835]
[-285.84419493  -11.14724165  220.75364594]
[-275.92615442  -11.74775632  219.47258201]
[-265.19053869  -12.76903899  216.69687363]
[-253.75575543  -14.03406881  212.44498128]
[-241.73711298  -15.36137048  206.75135207]
[-229.23736971  -16.58780241  199.67903677]
[-216.33912782  -17.58582738  191.3305578 ]
[-203.09533889  -18.27184258  181.84845967]
[-189.5317514   -18.60577859  171.41151605]
[-175.65526128  -18.58327679  160.22112291]
[-161.67450871  -18.2235751   148.2530161 ]
[-148.4759088   -17.55714784  134.73468964]
[-136.65456931  -16.61566329  119.12471233]
[-126.17964408  -15.42674181  101.34974873]
[-116.4180266   -14.01331361   81.75362926]
[-106.30614799  -12.39699903   61.07709826]
[-94.65357546 -10.60400453  40.4580506 ]
[-80.50999889  -8.67095374  21.37894202]
[-38.16398908  -3.99608767   8.37447502]
