-0.3614990814273729
-0.35319429411328546
-0.3446671744045003
-0.3361439808661144
-0.3279575336149674
-0.32020360502826395
-0.313157778748661
-0.30681585657218147
-0.30117173006975184
-0.2959777091068765
-0.2908971287464013
-0.28551097629220124
-0.279227520343575
-0.27153982749343886
-0.26195140650677473
-0.25026279282452446
-0.2362581413066689
-0.2202581485798989
-0.20270076936440606
-0.18419955641563135
-0.16567188439024605
-0.1478748696935579
-0.13156055202817196
-0.11712610262782608
-0.10477441536377086
-0.09419255713601693
-0.08475875214628825
-0.07558359946821636
-0.0655861521137906
-0.05369893215934596
-0.039019619703699604
-0.02093718910925535
0.0007996410034483148
0.02602703741322898
0.05429038956861287
0.08477583326081106
0.11677867933711461
0.14935069183688743
0.18187981640097206
0.21391245573839335
0.24520000752761106
0.27568066060089613
0.3053725138813812
0.33452492111767107
0.3630188907355274
0.39093965238829664
0.4180830337926924
0.4440939779931954
0.46863638547164577
0.4912446369582857
0.5114933962695922
0.5289747234392451
0.543394819092043
0.5543985599719423
0.5618818250842395
0.565531395028172
0.5652452096445515
0.5607929602360768
0.5520354950638273
0.538746108710666
0.5210113675038697
0.4987174218632582
0.47213763187519575
0.44158692547792544
0.4074932484861895
0.370491909017578
0.3311610481370888
0.2901928817624606
0.2481157567240464
0.20550266065910172
0.16269354793451019
0.12014640140159738
0.07806679351684753
0.03678407339635292
-0.003410635669764517
-0.042214528846641564
-0.07929501497293945
-0.11440251091260123
-0.1472251229330359
-0.17768547613170593
-0.20573288284557734
-0.23144492271201855
-0.25490079484902317
-0.27643134657382884
-0.2960888734075695
-0.3140361391643962
-0.3303821652734893
-0.34503826607640153
-0.3579390207325721
-0.36895128026458224
-0.3778969461398871
-0.3847423112277726
-0.3893223867656892
-0.39176533480554143
-0.39210533762572153
-0.3905296181446558
-0.38721208950863684
-0.3824006078743225
-0.37637050685828477
-0.7004090055550862
0.33110737831437814
