[-38.84255498  -3.87403462   3.81274211]
[-38.79095449  -3.76063891  -1.23477445]
[-37.74375807  -3.67010738  -6.51780111]
[-35.50275054  -3.60660144 -11.71431968]
[-32.03568988  -3.56334164 -16.48013223]
[-27.51180392  -3.52382866 -20.57242349]
[-22.23527077  -3.46113255 -23.9060721 ]
[-16.60854395  -3.34668607 -26.57747599]
[-11.04132696  -3.15362701 -28.74709697]
[ -5.92271988  -2.86683267 -30.54352336]
[ -1.56355111  -2.48803257 -31.95562117]
[  1.78112701  -2.0405008  -32.83065569]
[  3.78577498  -1.56810283 -32.97422505]
[  4.21618187  -1.1287825  -32.24579347]
[  3.00155668  -0.78447916 -30.60414248]
[  0.26029606  -0.58643054 -28.1030185 ]
[ -3.71560694  -0.5613923  -24.90529325]
[ -8.47354733  -0.69870722 -21.23325696]
[-13.47661009  -0.94735054 -17.38659906]
[-18.15291519  -1.21838119 -13.67004616]
[-21.96863781  -1.3989984  -10.36531015]
[-24.50609737  -1.37561829  -7.71156275]
[-25.49296023  -1.05769925  -5.84635026]
[-24.84070037  -0.40339944  -4.8129744 ]
[-22.63120856   0.56549906  -4.5397814 ]
[-19.10445009   1.75849297  -4.87720267]
[-14.60253279   3.02945382  -5.60231965]
[-9.52519472  4.20073377 -6.47182498]
[-4.27769956  5.09753015 -7.25309526]
[ 0.78040082  5.58322957 -7.74816893]
[ 5.36591155  5.58669508 -7.81368882]
[ 9.29209928  5.11535889 -7.36530156]
[12.47622038  4.25064095 -6.37460264]
[14.9335234   3.12754399 -4.86073064]
[16.76189474  1.90472058 -2.88604665]
[18.1258186   0.73322716 -0.54162541]
[19.22564638 -0.26750311  2.04646538]
[20.28758121 -1.0226005   4.75768514]
[21.51032183 -1.50014723  7.44951686]
[23.05880478 -1.701511   10.01459468]
[25.04372029 -1.64595738 12.33140158]
[27.54179133 -1.35748147 14.21450116]
[30.5468772  -0.85742072 15.47622332]
[33.93344433 -0.16407435 15.94196956]
[37.46286717  0.70300365 15.50544974]
[40.78747251  1.71573528 14.14716424]
[43.56871935  2.83478202 12.04668978]
[45.56911994  4.00896411  9.56240032]
[46.77648624  5.18086792  7.17636626]
[47.46370613  6.29693637  5.3546102 ]
[48.10547229  7.31540394  4.36151999]
[49.20573856  8.21378841  4.16610802]
[51.08010724  8.98988943  4.46446143]
[53.72212707  9.6586247   4.83946957]
[56.78455754 10.24050838  4.92352099]
[59.73081573 10.75584271  4.52241637]
[61.96578833 11.20565111  3.61787017]
[63.01814862 11.57261356  2.25749264]
[62.60185203 11.81132405  0.47760271]
[60.65271992 11.85661854 -1.77369247]
[57.29629632 11.62845987 -4.59032179]
[52.79805143 11.05571365 -8.08053708]
[ 47.45391727  10.0806387  -12.20075912]
[ 41.59589483   8.68850993 -16.63238349]
[ 35.55585939   6.91111635 -20.92349534]
[ 29.62672148   4.83235509 -24.6565395 ]
[ 24.04176921   2.58394933 -27.5110662 ]
[ 18.95048698   0.32542999 -29.26955701]
[ 14.42545778  -1.77395248 -29.85716085]
[ 10.45402037  -3.56177834 -29.31734588]
[  6.97170241  -4.91885289 -27.80514618]
[  3.8633626   -5.7748113  -25.53451086]
[  1.01285809  -6.10959088 -22.7602745 ]
[ -1.70627308  -5.95460795 -19.71728321]
[ -4.3853916   -5.38297802 -16.61118454]
[ -7.08303058  -4.50121048 -13.58733069]
[ -9.81650051  -3.43730124 -10.72604359]
[-12.55936319  -2.32773099  -8.04443229]
[-15.25558826  -1.30362064  -5.50349376]
[-17.81736631  -0.47556931  -3.03748004]
[-20.16053667   0.07834072  -0.55812027]
[-22.20616305   0.32196686   2.00392013]
[-23.90315474   0.2628324    4.68778288]
[-25.23221006  -0.05300444   7.48120918]
[-26.23250828  -0.55409795  10.33487096]
[-26.95743405  -1.15738285  13.14268371]
[-27.49562017  -1.78530272  15.78505925]
[-27.94115417  -2.37706935  18.14495543]
[-28.36274436  -2.89362302  20.12484934]
[-28.80406235  -3.31843503  21.67921626]
[-29.26453047  -3.65181072  22.81961705]
[-29.73192713  -3.9034243   23.57096979]
[-30.30152795  -4.08651804  23.84714367]
[-31.05134959  -4.21062264  23.54455091]
[-32.02201299  -4.28304442  22.61127515]
[-33.18693873  -4.30636071  21.01925647]
[-34.48552979  -4.28317818  18.77843882]
[-35.82905844  -4.21761923  15.91380689]
[-37.1122662   -4.11836554  12.45145147]
[-38.19087939  -3.99875052   8.40837093]
