[-0.1054642  -0.12820173 -0.36149908]
[-0.10663015 -0.1346293  -0.35319429]
[-0.10614223 -0.13121914 -0.34466717]
[-0.10332032 -0.11649171 -0.33614398]
[-0.09748303 -0.09025099 -0.32795753]
[-0.08798668 -0.05372482 -0.32020361]
[-0.07447449 -0.00960326 -0.31315778]
[-0.05697026  0.03820691 -0.30681586]
[-0.0361117   0.08494236 -0.30117173]
[-0.013203    0.1255744  -0.29597771]
[ 0.00974599  0.15542455 -0.29089713]
[ 0.03015792  0.17082533 -0.28551098]
[ 0.04517946  0.16967187 -0.27922752]
[ 0.05203616  0.15179816 -0.27153983]
[ 0.04851534  0.11909997 -0.26195141]
[ 0.03338525  0.07537199 -0.25026279]
[ 0.00682893  0.02585629 -0.23625814]
[-0.02943539 -0.02342694 -0.22025815]
[-0.07211985 -0.06652052 -0.20270077]
[-0.11663923 -0.09834226 -0.18419956]
[-0.15769033 -0.11543802 -0.16567188]
[-0.18987371 -0.11646147 -0.14787487]
[-0.20852232 -0.10234967 -0.13156055]
[-0.21037858 -0.07613267 -0.1171261 ]
[-0.19419133 -0.04241953 -0.10477442]
[-0.16093121 -0.00663191 -0.09419256]
[-0.11372245  0.0258827  -0.08475875]
[-0.05742818  0.05067859 -0.0755836 ]
[ 0.00210267  0.06486725 -0.06558615]
[ 0.05889655  0.06744906 -0.05369893]
[ 0.10774567  0.05929084 -0.03901962]
[ 0.14496363  0.04276156 -0.02093719]
[0.16883386 0.02110983 0.00079964]
[ 0.17970254 -0.00227129  0.02602704]
[ 0.17971572 -0.02453395  0.05429039]
[ 0.17222262 -0.04387489  0.08477583]
[ 0.16108907 -0.05974391  0.11677868]
[ 0.14984342 -0.07272799  0.14935069]
[ 0.14115271 -0.08416863  0.18187982]
[ 0.13638331 -0.09559406  0.21391246]
[ 0.13553799 -0.10813019  0.24520001]
[ 0.13745965 -0.12201811  0.27568066]
[ 0.14023647 -0.13635588  0.30537251]
[ 0.14175073 -0.14912236  0.33452492]
[ 0.14006402 -0.15746633  0.36301889]
[ 0.13388891 -0.15821908  0.39093965]
[ 0.12267464 -0.1484907   0.41808303]
[ 0.10662568 -0.12627451  0.44409398]
[ 0.08654253 -0.09089373  0.46863639]
[ 0.06355822 -0.04328297  0.49124464]
[0.03887883 0.01402603 0.5114934 ]
[0.01361178 0.07708029 0.52897472]
[-0.01138078  0.14102176  0.54339482]
[-0.03539146  0.20047701  0.55439856]
[-0.05782977  0.25033363  0.56188183]
[-0.07812548  0.28626287  0.5655314 ]
[-0.09549873  0.30513589  0.56524521]
[-0.10904544  0.30547607  0.56079296]
[-0.1176749   0.28749721  0.5520355 ]
[-0.12040293  0.25321342  0.53874611]
[-0.11631334  0.20594296  0.52101137]
[-0.10506199  0.15014385  0.49871742]
[-0.08679204  0.09068549  0.47213763]
[-0.06238495  0.03241523  0.44158693]
[-0.03336314 -0.02041599  0.40749325]
[-0.00162096 -0.06461616  0.37049191]
[ 0.03066839 -0.09816786  0.33116105]
[ 0.06148885 -0.1203458   0.29019288]
[ 0.08915063 -0.13152217  0.24811576]
[ 0.11251486 -0.13288635  0.20550266]
[ 0.13096019 -0.1260862   0.16269355]
[ 0.14436179 -0.11290591  0.1201464 ]
[ 0.15284034 -0.0950315   0.07806679]
[ 0.15661759 -0.0739392   0.03678407]
[ 0.15581649 -0.05091099 -0.00341064]
[ 0.15041837 -0.02712998 -0.04221453]
[ 0.14029591 -0.00379103 -0.07929501]
[ 0.12535537  0.01783294 -0.11440251]
[ 0.1057587   0.03641908 -0.14722512]
[ 0.08201186  0.05070917 -0.17768548]
[ 0.05513402  0.05971421 -0.20573288]
[ 0.02657026  0.06291235 -0.23144492]
[-0.00192366  0.06041047 -0.25490079]
[-0.0285719   0.05299543 -0.27643135]
[-0.05177126  0.04204078 -0.29608887]
[-0.07039765  0.02929502 -0.31403614]
[-0.08393328  0.01657549 -0.33038217]
[-0.09247907  0.00543495 -0.34503827]
[-0.09670757 -0.00312183 -0.35793902]
[-0.09767544 -0.00882689 -0.36895128]
[-0.09659375 -0.01217216 -0.37789695]
[-0.09465874 -0.01432002 -0.38474231]
[-0.09280612 -0.01681802 -0.38932239]
[-0.09171618 -0.02131595 -0.39176533]
[-0.09169761 -0.02915928 -0.39210534]
[-0.09279422 -0.04110186 -0.39052962]
[-0.09482377 -0.05704735 -0.38721209]
[-0.09748621 -0.07595989 -0.38240061]
[-0.10042616 -0.09592938 -0.37637051]
[-0.13058117 -0.02083073 -0.70040901]
[0. 0. 0.]
