[-0.42780449 -0.0388856   0.03581279]
[-0.41593459 -0.03679033 -0.0891105 ]
[-0.3739105  -0.0331758  -0.19849466]
[-0.3119127  -0.02813732 -0.27926901]
[-0.24363633 -0.0219782  -0.32690052]
[-0.18058011 -0.01517442 -0.34516959]
[-0.12898389 -0.00837731 -0.34359405]
[-0.08907213 -0.00230535 -0.33334847]
[-0.05685391  0.00232215 -0.32437783]
[-0.02599117  0.0049047  -0.32331253]
[ 0.00690257  0.00504675 -0.3300183 ]
[ 0.0305694  0.0026373 -0.3328086]
[ 0.03964854 -0.00210234 -0.32753188]
[ 0.03303286 -0.0086268  -0.31356466]
[ 0.01127139 -0.01610512 -0.29108648]
[-0.02353532 -0.02351553 -0.26127947]
[-0.06774901 -0.02975044 -0.22590332]
[-0.11679921 -0.03377355 -0.18757037]
[-0.16548926 -0.03474229 -0.14909168]
[-0.2085661  -0.03212785 -0.11325579]
[-0.24141275 -0.02581133 -0.08266677]
[-0.26035341 -0.01609751 -0.05914254]
[-0.26317653 -0.00370989 -0.04374782]
[-0.24923302  0.01029719 -0.03649241]
[-0.21960036  0.02464144 -0.03657692]
[-0.17679086  0.03797884 -0.04228765]
[-0.12449849  0.04905241 -0.05140378]
[-0.0671429   0.05684444 -0.06144049]
[-0.00927848  0.06069787 -0.06990875]
[ 0.04491365  0.0603813  -0.07462479]
[ 0.09210531  0.05609741 -0.07392313]
[ 0.13018545  0.04843022 -0.06680544]
[ 0.15842974  0.0382402  -0.0529941 ]
[ 0.17746528  0.02652907 -0.03295095]
[ 0.18909795  0.01429596 -0.00770876]
[0.19587649 0.00241457 0.02114896]
[ 0.20080386 -0.00846077  0.05201311]
[ 0.20660628 -0.01792265  0.08306989]
[ 0.21545369 -0.02580156  0.11298911]
[ 0.21885161 -0.03209654  0.14488971]
[ 0.20063634 -0.0368797   0.18353887]
[ 0.1652319  -0.0401933   0.22442672]
[ 0.12112946 -0.04196389  0.26311322]
[ 0.07734423 -0.04195077  0.29687569]
[ 0.04173367 -0.0397586   0.32397129]
[ 0.02034412 -0.03488837  0.34361123]
[ 0.01678067 -0.02685512  0.35505279]
[ 0.03243918 -0.01532707  0.35737456]
[ 6.70103006e-02 -2.53536442e-04  3.49366405e-01]
[0.118586   0.01801483 0.32940398]
[0.18368557 0.03868159 0.29605386]
[0.25722493 0.06052195 0.24905749]
[0.33309565 0.08199072 0.190688  ]
[0.40512652 0.10135849 0.12617611]
[0.46858272 0.1169646  0.06315461]
[0.52031019 0.12734092 0.00971501]
[ 0.55874546  0.13147147 -0.02831604]
[ 0.58282354  0.12884494 -0.04923831]
[ 0.59153169  0.11955515 -0.05669267]
[ 0.58390048  0.10423613 -0.05896613]
[ 0.55957987  0.08406917 -0.06774321]
[ 0.51938162  0.06052094 -0.09312986]
[ 0.47018277  0.03530656 -0.12731178]
[ 0.4170248   0.01012837 -0.1610047 ]
[ 0.36207188 -0.0134708  -0.19107222]
[ 0.30723742 -0.0342172  -0.21525852]
[ 0.25398384 -0.051228   -0.23200382]
[ 0.20335877 -0.06399991 -0.24072732]
[ 0.15583238 -0.07241594 -0.24155166]
[ 0.11153965 -0.07664533 -0.23529974]
[ 0.0701893  -0.07708807 -0.22309171]
[ 0.03147789 -0.07425247 -0.20632484]
[-0.0050811  -0.06871967 -0.18621254]
[-0.03975212 -0.06106496 -0.16382307]
[-0.07264456 -0.05185175 -0.13986073]
[-0.10366108 -0.04162547 -0.11468298]
[-0.13249523 -0.03091974 -0.08835246]
[-0.15878263 -0.02026736 -0.06070886]
[-0.18205884 -0.01019058 -0.03162794]
[-0.20206708 -0.00119232 -0.00098194]
[-0.21868728  0.00628127  0.03105562]
[-0.23205951  0.01187798  0.06403082]
[-0.24251951  0.0153809   0.09711928]
[-0.25079456  0.01672533  0.12936329]
[-0.25752239  0.01602599  0.15950822]
[-0.26348843  0.01354563  0.18642387]
[-0.26938601  0.00966142  0.20920124]
[-0.27558486  0.00481908  0.22723387]
[-0.28221302 -0.00053913  0.24045654]
[-0.28901569 -0.00602423  0.24932411]
[-0.29162862 -0.01133932  0.25872608]
[-0.2776985  -0.01630906  0.28228298]
[-0.25293934 -0.02084858  0.31524825]
[-0.2292712  -0.02496626  0.34881158]
[-0.21794205 -0.02868775  0.37504821]
[-0.22699329 -0.03202899  0.38646849]
[-0.25863727 -0.03494288  0.37541563]
[-0.30784443 -0.03730685  0.33501712]
[-0.36274524 -0.03892257  0.26172439]
[-0.70890944 -0.07393617 -0.00624331]
[0. 0. 0.]
