[ 0.14136081  0.52807675 -0.12608528]
[ 0.0644944   0.31634954 -0.14133669]
[ 0.0858964   0.57914632 -0.37405766]
[ 0.06542241  0.68320042 -0.5855656 ]
[ 0.02965067  0.59576222 -0.63810013]
[ 0.00758295  0.38768498 -0.48709991]
[ 0.0072675   0.13300936 -0.16282775]
[ 0.01853197 -0.11626018  0.25408074]
[ 0.02461848 -0.32786469  0.66210324]
[ 0.01455982 -0.47588448  0.96276358]
[-0.00994066 -0.54989288  1.11024181]
[-0.04317207 -0.60264843  1.20582712]
[-0.08379345 -0.65131845  1.28445807]
[-0.13099032 -0.69789924  1.35280182]
[-0.18402916 -0.74431429  1.42100433]
[-0.2423131  -0.79237592  1.50201504]
[-0.30558852 -0.8437295   1.61023899]
[-0.37410809 -0.89944687  1.75919032]
[-0.4487746  -0.95969833  1.95932175]
[-0.53123015 -1.02318262  2.21602542]
[-0.62384186 -1.08657057  2.52853377]
[-0.72925982 -1.14429935  2.88990137]
[-0.84939739 -1.18865221  3.28721017]
[-0.98440556 -1.21022942  3.70243112]
[-1.13140506 -1.19921893  4.11337779]
[-1.2839313  -1.14744179  4.49559061]
[-1.43254355 -1.05015431  4.8247273 ]
[-1.56627425 -0.90780696  5.07965125]
[-1.67463372 -0.72676757  5.24540022]
[-1.74971265 -0.51828378  5.31506898]
[-1.78753519 -0.29621107  5.29019643]
[-1.78820876 -0.07449463  5.17953489]
[-1.75505107  0.13487333  4.99668503]
[-1.69327752  0.32295451  4.75731325]
[-1.60871378  0.48401437  4.47667144]
[-1.50689733  0.61510649  4.16762813]
[-1.39269452  0.71522991  3.83974101]
[-1.27017196  0.78445881  3.49872897]
[-1.14314181  0.82366586  3.14815351]
[-1.04192981  0.85864856  2.88483586]
[-1.01470786  0.94710198  2.87822626]
[-1.06029121  1.10822427  3.10485501]
[-1.17518034  1.34991228  3.48567531]
[-1.36118975  1.67644131  3.9133435 ]
[-1.61709085  2.08518211  4.26564128]
[-1.92568838  2.55689945  4.42545666]
[-2.244709    3.04462028  4.3040338 ]
[-2.50930586  3.47109427  3.86569352]
[-2.64766865  3.74150544  3.14528017]
[-2.60489237  3.7710402   2.24864684]
[-2.36606074  3.51863996  1.32979323]
[-1.96738367  3.01165195  0.54583399]
[-1.18604636  1.87880494 -0.29425622]
[-0.84593665  1.38164285 -0.35489496]
[-0.61984969  1.0358261  -0.35132346]
[-0.43030247  0.73234415 -0.3330047 ]
[-0.2629559   0.44902562 -0.23745529]
[-0.06445119  0.10579183 -0.04412452]
[ 0.21851369 -0.36683882  0.2838107 ]
[ 0.59593347 -0.9475609   0.72467669]
[ 1.04992146 -1.56200064  1.21092052]
[ 1.54534867 -2.12212173  1.67048291]
[ 2.10345803 -2.63553059  2.11852065]
[ 2.74133466 -3.10232521  2.5685482 ]
[ 3.44268037 -3.48699036  3.00273139]
[ 4.18638598 -3.7614258   3.40671176]
[ 4.94831986 -3.90698953  3.77052875]
[ 5.70288503 -3.9144366   4.08818847]
[ 6.4245175  -3.78315134  4.35694669]
[ 7.08852977 -3.51978243  4.57622372]
[ 7.67213392 -3.13714503  4.74688146]
[ 8.15510268 -2.65277137  4.87033408]
[ 8.52096221 -2.08805899  4.94835453]
[ 8.75741999 -1.46715446  4.98261891]
[ 8.8573728  -0.81647569  4.97492298]
[ 8.81965763 -0.1627939   4.92711802]
[8.64921651 0.46818473 4.84120496]
[8.35680261 1.05327926 4.71953666]
[7.95799631 1.57308975 4.56482215]
[7.47213512 2.01306031 4.38032727]
[6.92043746 2.36388373 4.16964935]
[6.32453985 2.62152326 3.93672279]
[5.70505739 2.78663266 3.6856424 ]
[5.08065284 2.8638188  3.42057419]
[4.46699207 2.86055704 3.14538023]
[3.87695297 2.78644146 2.86381471]
[3.32037853 2.65225062 2.57933608]
[2.80430038 2.46930973 2.29515076]
[2.33343983 2.2491358  2.01444376]
[1.91047131 2.00304617 1.74041589]
[1.56809686 1.77861212 1.5051475 ]
[1.40187198 1.71589969 1.40600522]
[1.37020098 1.8124746  1.41062587]
[1.39645343 2.00729031 1.43603778]
[1.4117958  2.22687563 1.39462725]
[1.36241483 2.38914191 1.22174812]
[1.21701458 2.40824596 0.90520084]
[0.97556884 2.2132308  0.50126439]
[0.67317867 1.78141859 0.12186517]
[ 0.37019281  1.17008021 -0.11632835]
[0. 0. 0.]
