[-3.9182149   1.56812381 -0.33881689]
[-4.85307618  1.24829029 -0.30805372]
[-1.42224651  0.79557632 -0.38646398]
[-0.33915718  0.73010518 -0.57613272]
[ 0.29273626  0.57034065 -0.64964312]
[ 1.09201489  0.27226148 -0.56245849]
[ 4.78705452 -0.58952612 -0.54222591]
[-3.76515904  0.37970421  0.75879275]
[-1.41279998 -0.07483439  0.84154973]
[-0.9174077  -0.2650749   1.08149631]
[-0.64537124 -0.36115902  1.19827417]
[-0.52969274 -0.43997377  1.26986869]
[-0.47842056 -0.50357021  1.33374857]
[-0.43481457 -0.56750065  1.3907297 ]
[-0.4344709  -0.62087663  1.45328362]
[-0.48307048 -0.65630301  1.53501884]
[-0.57835494 -0.66982386  1.64968488]
[-0.71349665 -0.65818328  1.81053011]
[-0.84901939 -0.64419757  2.02244665]
[-0.94934108 -0.65736022  2.28505072]
[-1.03003846 -0.69070579  2.59883534]
[-1.11479678 -0.7224209   2.96012331]
[-1.2013229  -0.75204801  3.35464716]
[-1.30110521 -0.76236069  3.76515006]
[-1.4121663  -0.74313801  4.16966872]
[-1.52050534 -0.69842648  4.54316318]
[-1.62484088 -0.61335231  4.86320535]
[-1.72241988 -0.47527336  5.109289  ]
[-1.79971932 -0.2928057   5.26607159]
[-1.84401379 -0.08551224  5.32669069]
[-1.85041022  0.13001205  5.29325386]
[-1.82068645  0.34204194  5.17471625]
[-1.75859553  0.54285695  4.98480008]
[-1.66962502  0.72554001  4.73875089]
[-1.55844882  0.87990905  4.4522549 ]
[-1.43084974  1.0021003   4.13830593]
[-1.29173149  1.09259594  3.80634159]
[-1.14543573  1.15115191  3.46204367]
[-0.99638642  1.17647406  3.10935626]
[-0.88076459  1.18850286  2.8450557 ]
[-0.83675931  1.31420441  2.82040162]
[-0.86084847  1.50852123  3.03039863]
[-0.95431773  1.76422584  3.40008258]
[-1.11631723  2.09600825  3.81927551]
[-1.34416614  2.50769558  4.16318602]
[-1.61825226  2.98682811  4.31161884]
[-1.89283468  3.48957244  4.17382602]
[-2.10103821  3.93574145  3.71488407]
[-2.17352628  4.22361709  2.97281421]
[-2.0590286   4.26349279  2.05779373]
[-1.74725655  4.01222506  1.128714  ]
[-1.28381503  3.49568384  0.34612283]
[-0.2795838   2.41812327 -0.51220023]
[-0.04308603  1.83676339 -0.49942407]
[-0.16907488  1.29690656 -0.37736232]
[-0.59632438  0.68972981 -0.21223503]
[-1.56046915 -0.13764148  0.08885995]
[-8.91129109 -4.54646236  1.7081388 ]
[ 3.21538421  1.1297613  -0.08499408]
[ 1.95746852 -0.19695319  0.58884857]
[ 1.95961378 -1.01155069  1.13407239]
[ 2.22127772 -1.66919808  1.62208685]
[ 2.63675213 -2.23912807  2.0834731 ]
[ 3.19555019 -2.72762847  2.5376179 ]
[ 3.8290874  -3.12950454  2.97606691]
[ 4.51486625 -3.41753429  3.38390579]
[ 5.22746881 -3.57338052  3.75095711]
[ 5.94046314 -3.58729784  4.07105472]
[ 6.62710607 -3.45838383  4.34123612]
[ 7.26037322 -3.19455149  4.56119737]
[ 7.81426911 -2.8123454   4.73279937]
[ 8.26821218 -2.3298913   4.85776289]
[ 8.60662168 -1.76634078  4.93753918]
[ 8.81789765 -1.14160178  4.97312134]
[ 8.89262142 -0.48754409  4.96708835]
[8.82927152 0.16740614 4.92174657]
[8.63320191 0.79772036 4.83885436]
[8.31528813 1.38107245 4.72077194]
[7.89129756 1.89779006 4.57005501]
[7.3806325  2.33324906 4.39008153]
[6.804989   2.67738367 4.18429949]
[6.18617806 2.92664925 3.95654011]
[5.54512731 3.0815955  3.71085148]
[4.90133537 3.14607939 3.45120454]
[4.27043985 3.12839465 3.18147441]
[3.66546947 3.03861296 2.90523143]
[3.09691558 2.88713068 2.62588865]
[2.57222775 2.68547599 2.34647956]
[2.09683998 2.44491083 2.07020535]
[1.67531018 2.17573545 1.80002167]
[1.34688855 1.92158434 1.56681049]
[1.12218964 1.90541068 1.4538098 ]
[0.98277147 2.07896331 1.44499361]
[0.91782819 2.3240869  1.45938199]
[0.8451184  2.57780826 1.40904821]
[0.69430906 2.76907907 1.22553558]
[0.40147258 2.82624983 0.89256027]
[-0.07501378  2.6864166   0.46305425]
[-0.76140931  2.33037382  0.04973508]
[-1.77650232  1.84031671 -0.23234812]
[0. 0. 0.]
