[-3.42169117  3.4159413  -0.7800231 ]
[-4.62650404  2.35535415 -0.80270361]
[-1.12060578  2.82244445 -1.69565754]
[-0.10972484  3.12125404 -2.62562291]
[ 0.39623693  2.65553516 -2.88298144]
[ 1.11797589  1.62922057 -2.26726791]
[ 4.81219929 -0.12394932 -1.1120999 ]
[-3.6998883 -0.02726    1.6480208]
[-1.32555265 -1.2225514   3.15877592]
[-0.86496619 -1.93100585  4.45098003]
[-0.67881858 -2.28618357  5.08393416]
[-0.67957459 -2.54965133  5.49010297]
[-0.77056508 -2.78360883  5.82921037]
[-0.89230253 -3.0105678   6.12541396]
[-1.07767234 -3.22642057  6.42668269]
[-1.33018896 -3.43017113  6.79193751]
[-1.64663581 -3.6236925   7.2853364 ]
[-2.02098086 -3.80759382  7.96740969]
[-2.41698884 -4.0053029   8.87964039]
[-2.80504272 -4.24165258 10.04054474]
[-3.20901372 -4.49806033 11.44792968]
[-3.66176939 -4.73341788 13.07378786]
[-4.16790645 -4.92015569 14.85867413]
[-4.73943538 -5.00818915 16.72225503]
[-5.36442728 -4.95284219 18.56495584]
[-6.00664038 -4.72894399 20.2761971 ]
[-6.63166547 -4.30496962 21.74833467]
[-7.19805034 -3.67013065 22.88686702]
[-7.65555512 -2.85516479 23.6240829 ]
[-7.96385277 -1.91857508 23.92892003]
[-8.10404047 -0.92532058 23.808808  ]
[-8.07805707  0.06386771 23.30329015]
[-7.90113568  0.99895945 22.47366245]
[-7.5969393   1.84153269 21.39000883]
[-7.19054498  2.56137378 20.12138113]
[-6.70710479  3.14421326 18.72581965]
[-6.16857078  3.58689848 17.24623189]
[-5.59353893  3.88940443 15.70833071]
[-4.99979974  4.05349402 14.12853252]
[-4.52978099  4.18914309 12.94253955]
[-4.39075069  4.62387532 12.89501042]
[-4.57517918  5.3806598  13.89862741]
[-5.07214992  6.48010025 15.60176799]
[-5.88727569  7.95191134 17.5185878 ]
[-7.01354042  9.79103891 19.09651791]
[-8.37094906 11.91809378 19.80545211]
[-9.76544441 14.12534897 19.2439124 ]
[-10.90258484  16.0629748   17.25182095]
[-11.46080482  17.29810432  13.9887291 ]
[-11.19595885  17.44426459   9.93498287]
[-10.04543943  16.3139287    5.78850478]
[-8.18219301 14.0275896   2.26020406]
[-4.43703282  8.99020012 -1.54058546]
[-3.00691045  6.67078654 -1.74100807]
[-2.33953117  4.92172892 -1.6069377 ]
[-2.10219252  3.25298321 -1.37789004]
[-2.48022981  1.4342127  -0.7423807 ]
[-9.13665945 -4.1760801   1.55366122]
[ 3.97909649 -0.15471672  0.90847695]
[ 4.03989723 -3.5152568   3.12555003]
[ 5.62804823 -6.48235939  5.37282565]
[ 7.6209457  -9.10268989  7.46942518]
[  9.98712814 -11.47220199   9.49906607]
[ 12.77522473 -13.59813802  11.5285578 ]
[ 15.8606514  -15.35045453  13.48685628]
[ 19.14728777 -16.60338903  15.30878061]
[ 22.52537887 -17.27319117  16.94929477]
[ 25.87887468 -17.31768704  18.38127832]
[ 29.09147094 -16.73379399  19.59221266]
[ 32.04976337 -15.55252023  20.5797698 ]
[ 34.64820287 -13.83470807  21.34872084]
[ 36.79530851 -11.65958795  21.90568412]
[38.4175162  -9.12139394 22.25835491]
[39.45986046 -6.32512815 22.41370201]
[39.88816605 -3.39429562 22.38048794]
[39.69666417 -0.45076849 22.16744693]
[38.90772019  2.38985194 21.78340353]
[37.56963307  5.02383975 21.23898552]
[35.75252896  7.36346951 20.54628574]
[33.54339577  9.34295186 19.72013001]
[31.03811732 10.91948452 18.77660057]
[28.33425816 12.07509701 17.73332384]
[25.52496335 12.81242865 16.60868705]
[22.69512312 13.15133882 15.42124932]
[19.91536881 13.12609516 14.18838499]
[17.24394933 12.78025427 12.92679208]
[14.72592467 12.16193098 11.65196412]
[12.39347527 11.32228854 10.37813679]
[10.2686542  10.31293523  9.1196332 ]
[8.36543881 9.18384225 7.89059547]
[6.83763939 8.14516795 6.83415444]
[6.03140275 7.90925641 6.37437321]
[5.78230409 8.41999058 6.38184447]
[5.81073561 9.34608147 6.48525474]
[ 5.79337551 10.36755544  6.29006618]
[ 5.47112875 11.12631717  5.50160655]
[ 4.67015556 11.25043013  4.06090475]
[ 3.34833117 10.42873653  2.21780164]
[1.60192483 8.5625804  0.47662561]
[-0.47632956  5.9341931  -0.63925425]
[0. 0. 0.]
