[-0.46806374]
[-0.14844333]
[0.21826642]
[0.61615365]
[1.00872586]
[1.35601095]
[1.62571593]
[1.8029733]
[1.89215051]
[1.91200463]
[1.88747888]
[1.84180975]
[1.79149107]
[1.74322004]
[1.69770435]
[1.66656071]
[1.6637409]
[1.70037909]
[1.78353764]
[1.91543214]
[2.09321555]
[2.30897829]
[2.55084488]
[2.80394113]
[3.05198764]
[3.27895231]
[3.4705147]
[3.61556067]
[3.70689454]
[3.74188332]
[3.72214553]
[3.65304671]
[3.54265872]
[3.40036972]
[3.23569134]
[3.05682392]
[2.86988589]
[2.67819711]
[2.48225463]
[2.28010437]
[2.06798489]
[1.84150219]
[1.59665752]
[1.33934952]
[1.09090985]
[0.87017375]
[0.68940082]
[0.55359709]
[0.46000085]
[0.39887108]
[0.35359677]
[0.30214019]
[0.21945596]
[0.08117216]
[-0.13082617]
[-0.42451273]
[-0.79572846]
[-1.23050511]
[-1.70924309]
[-2.21176627]
[-2.72059475]
[-3.22132885]
[-3.7021723]
[-4.1529615]
[-4.56381139]
[-4.9250587]
[-5.23334068]
[-5.48962324]
[-5.69629567]
[-5.85637749]
[-5.9732065]
[-6.04999668]
[-6.0896057]
[-6.09448114]
[-6.06663901]
[-6.00785295]
[-5.91990759]
[-5.80476882]
[-5.66467063]
[-5.50226971]
[-5.32052648]
[-5.12265295]
[-4.9118463]
[-4.69099248]
[-4.4624742]
[-4.22800715]
[-3.98861117]
[-3.74456543]
[-3.49551464]
[-3.24100676]
[-2.98063396]
[-2.71428342]
[-2.44271509]
[-2.1674817]
[-1.89381341]
[-1.63497623]
[-1.39816554]
[-1.17963765]
[-0.96560701]
[-0.73662612]
