[ 2.09505471  5.14791369 16.06804227]
[ 1.61930475  4.71528515 15.34863159]
[ 1.05782798  4.10865385 13.91123985]
[ 0.43659018  3.36656981 11.90395442]
[-0.20863972  2.53677152  9.53147881]
[-0.83917057  1.67709056  7.0336318 ]
[-1.42085258  0.85596676  4.66060945]
[-1.93083468  0.15109439  2.64658045]
[-2.36070976 -0.35430192  1.18483812]
[-2.715835   -0.578286    0.40651739]
[-3.01722049 -0.50889553  0.24014514]
[-3.30200587 -0.35347098  0.18003346]
[-3.57794242 -0.18264564  0.10075524]
[-3.84508252 -0.01297377  0.00777481]
[-4.10346106  0.13882439 -0.09062321]
[-4.35300823  0.25792436 -0.18388887]
[-4.59367168  0.33329635 -0.2602246 ]
[-4.8251547   0.35915264 -0.30797558]
[-5.04717804  0.3357257  -0.3172348 ]
[-5.25932281  0.26920518 -0.28140923]
[-5.46097815  0.17086292 -0.19852793]
[-5.65151574  0.0554249  -0.07200189]
[-5.83011529 -0.06103657  0.08930901]
[-5.99588666 -0.16338624  0.27181816]
[-6.14776521 -0.23951891  0.45866189]
[-6.28466884 -0.28193844  0.63170912]
[-6.40537581 -0.28857035  0.77383906]
[-6.50859458 -0.26268765  0.8711156 ]
[-6.59300219 -0.21200906  0.91454636]
[-6.65722682 -0.14714181  0.90108672]
[-6.69988267 -0.07969275  0.83376022]
[-6.71959965 -0.02040192  0.72087576]
[-6.71504609  0.02235964  0.57447875]
[-6.6849409   0.04346947  0.40834872]
[-6.62810426  0.04119818  0.23589581]
[-6.54343135  0.01666423  0.0683378 ]
[-6.43003731 -0.02721066 -0.0865472 ]
[-6.28705994 -0.08695456 -0.22491056]
[-6.11393365 -0.1610773  -0.34590036]
[-5.90801788 -0.41144712 -0.36394327]
[-5.66960129 -1.11563555 -0.07307594]
[-5.40983398 -2.2123669   0.58823822]
[-5.14343488 -3.57516906  1.61710864]
[-4.88600752 -5.06490099  2.9628863 ]
[-4.6514394  -6.54408257  4.53229349]
[-4.44946606 -7.88945471  6.19994286]
[-4.28239225 -9.00075076  7.82214137]
[-4.14265221 -9.80612361  9.25311759]
[ -4.01142749 -10.2636531   10.36126276]
[ -3.85921234 -10.35960955  11.04366005]
[ -3.64927289 -10.10471408  11.23757814]
[-3.34355412 -9.52901918 10.92724118]
[-2.91031544 -8.67683996 10.14541846]
[-2.33173012 -7.60232516  8.96969577]
[-1.60969449 -6.36641275  7.51377966]
[-0.76780081 -5.03516621  5.91562881]
[ 0.150708   -3.67930157  4.32353939]
[ 1.08967425 -2.37417447  2.88162468]
[ 1.98913419 -1.19968445  1.71672882]
[ 2.79562641 -0.23869634  0.92643025]
[3.47077856 0.42645784 0.56984819]
[4.00615524 0.74580248 0.63011847]
[4.47938753 0.89691188 0.81903931]
[4.92928105 0.98759738 0.98649862]
[5.35332624 1.02001261 1.12461657]
[5.7488353  0.99959662 1.22823331]
[6.11341713 0.93498046 1.29416489]
[6.44487261 0.8368126  1.32146793]
[6.74133424 0.7164668  1.3113047 ]
[7.0011614  0.58494463 1.26659331]
[7.22308002 0.45205828 1.19147297]
[7.40604288 0.32597207 1.09075379]
[7.54943215 0.21306617 0.96944838]
[7.65285338 0.11803467 0.83248619]
[7.71627498 0.04409547 0.68463546]
[ 7.73997341e+00 -6.81551670e-03  5.30593917e-01]
[ 7.72452009 -0.03394549  0.37513027]
[ 7.67079188 -0.03773653  0.22319633]
[ 7.57989513 -0.01990359  0.0798796 ]
[ 7.45327149  0.0165155  -0.04983777]
[ 7.29252667  0.06722467 -0.16145844]
[ 7.09949325  0.12693887 -0.25148   ]
[ 6.87617837  0.18985122 -0.31783658]
[ 6.62481605  0.25026169 -0.3602052 ]
[ 6.34762286  0.30325712 -0.38006917]
[ 6.04704226  0.3452979  -0.38049972]
[ 5.72555261  0.37459292 -0.36570338]
[ 5.38561483  0.39116841 -0.3404155 ]
[ 5.02975965  0.39660336 -0.30925666]
[ 4.66046544  0.39348153 -0.27617375]
[ 4.29059998  0.45943528 -0.12618586]
[3.96747492 0.85183954 0.61769224]
[3.70692949 1.5304264  2.04357921]
[3.50613849 2.36611491 4.04115881]
[3.35327428 3.23684398 6.4293559 ]
[3.22875662 4.03915767 8.97832446]
[ 3.10696352  4.69445101 11.43600512]
[ 2.95892345  5.15068182 13.55668995]
[ 2.75575815  5.38035692 15.1278833 ]
[ 2.47296372  5.37648682 15.99312243]
[0. 0. 0.]
