[-15.46013017   5.14791369   4.85341238]
[-14.83426207   4.71528515   4.25996578]
[-13.51620695   4.10865385   3.45741864]
[-11.64729351   3.36656981   2.49705739]
[-9.42290414  2.53677152  1.44965391]
[-7.07249557  1.67709056  0.39495566]
[-4.83653278  0.85596676 -0.5899603 ]
[-2.94165887  0.15109439 -1.44192709]
[-1.57677071 -0.35430192 -2.1191003 ]
[-0.87194128 -0.578286   -2.60398436]
[-0.76043164 -0.50889553 -2.92968137]
[-0.75068565 -0.35347098 -3.22057849]
[-0.72052772 -0.18264564 -3.50608947]
[-0.67534826 -0.01297377 -3.78531699]
[-0.6233121   0.13882439 -4.05685682]
[-0.57479676  0.25792436 -4.31880823]
[-0.54141151  0.33329635 -4.56907102]
[-0.53458258  0.35915264 -4.80532916]
[-0.56401797  0.3357257  -5.02558731]
[-0.63613783  0.26920518 -5.22828808]
[-0.75277706  0.17086292 -5.41248763]
[-0.91046739  0.0554249  -5.57815952]
[-1.10034111 -0.06103657 -5.72603439]
[-1.30886342 -0.16338624 -5.85759494]
[-1.51924201 -0.23951891 -5.97472104]
[-1.71343333 -0.28193844 -6.07949546]
[-1.87436454 -0.28857035 -6.17368801]
[-1.98808699 -0.26268765 -6.25844677]
[-2.04551516 -0.21200906 -6.33403037]
[-2.04341249 -0.14714181 -6.39961652]
[-1.98451595 -0.07969275 -6.45331545]
[-1.87677028 -0.02040192 -6.49233507]
[-1.73180665  0.02235964 -6.51327226]
[-1.56297279  0.04346947 -6.51247262]
[-1.38327025  0.04119818 -6.48644558]
[-1.20355453  0.01666423 -6.43215519]
[-1.03133191 -0.02721066 -6.34737936]
[-0.87024284 -0.08695456 -6.23060068]
[-0.72102808 -0.1610773  -6.08111423]
[-0.66750238 -0.41144712 -5.88145989]
[-0.91255018 -1.11563555 -5.59615681]
[-1.51870937 -2.2123669  -5.22549995]
[-2.48568922 -3.57516906 -4.78448658]
[-3.7663197  -5.06490099 -4.29727828]
[-5.27115175 -6.54408257 -3.79374908]
[-6.87839347 -7.88945471 -3.30525989]
[-8.44693508 -9.00075076 -2.85903249]
[-9.83190595 -9.80612361 -2.47292901]
[-10.90042897 -10.2636531   -2.15127049]
[-11.54602723 -10.35960955  -1.8828708 ]
[-11.70054367 -10.10471408  -1.64244727]
[-11.34183391  -9.52901918  -1.39526251]
[-10.49665773  -8.67683996  -1.10436778]
[-9.23832662 -7.60232516 -0.73873458]
[-7.67914898 -6.36641275 -0.28048547]
[-5.95908433 -5.03516621  0.27110197]
[-4.23168495 -3.67930157  0.89919314]
[-2.64862638 -2.37417447  1.57350852]
[-1.34523832 -1.19968445  2.2570216 ]
[-0.42690026 -0.23869634  2.91402749]
[0.04150346 0.42645784 3.51700274]
[0.075116   0.74580248 4.05471166]
[-0.02875878  0.89691188  4.55356025]
[-0.11555082  0.98759738  5.02569788]
[-0.17793577  1.02001261  5.4672848 ]
[-0.21129891  0.99959662  5.87477805]
[-0.21291987  0.93498046  6.24526996]
[-0.18225148  0.8368126   6.57643101]
[-0.12076263  0.7164668   6.86662389]
[-0.031612    0.58494463  7.11473965]
[0.08090287 0.45205828 7.32024231]
[0.21186306 0.32597207 7.48293586]
[0.35622485 0.21306617 7.60308226]
[0.50906519 0.11803467 7.68114905]
[0.66568278 0.04409547 7.71793313]
[ 8.21499274e-01 -6.81551670e-03  7.71452249e+00]
[ 0.97191764 -0.03394549  7.67230796]
[ 1.11221356 -0.03773653  7.59301295]
[ 1.23756893 -0.01990359  7.47861044]
[1.34332763 0.0165155  7.33138531]
[1.42533949 0.06722467 7.15369984]
[1.48047352 0.12693887 6.94796695]
[1.50704377 0.18985122 6.71652203]
[1.50512011 0.25026169 6.46162124]
[1.47654821 0.30325712 6.18518989]
[1.42477695 0.3452979  5.88910102]
[1.3543793  0.37459292 5.57506488]
[1.27044602 0.39116841 5.24468271]
[1.17796695 0.39660336 4.89964445]
[1.08125938 0.39348153 4.54170542]
[0.86932368 0.45943528 4.20350419]
[0.08063668 0.85183954 4.01446119]
[-1.3688311  1.5304264  4.0054767]
[-3.37092997  2.36611491  4.15461223]
[-5.74938957  3.23684398  4.41877644]
[-8.28125584  4.03915767  4.73877424]
[-10.72274795   4.69445101   5.04560321]
[-12.8369217    5.15068182   5.26806526]
[-14.41952438   5.38035692   5.34082136]
[-15.32072532   5.37648682   5.21257041]
[0. 0. 0.]
