[ -0.46806374 -13.41146261  -0.08906554]
[ -0.14844333 -15.22595683   0.14758811]
[  0.21826642 -16.36585222   0.29226629]
[  0.61615365 -16.74217598   0.3182428 ]
[  1.00872586 -16.3075566    0.21118383]
[  1.35601095 -15.103153    -0.02125705]
[  1.62571593 -13.24552526  -0.35137966]
[  1.8029733  -10.91469347  -0.74024379]
[ 1.89215051 -8.33784506 -1.14934442]
[ 1.91200463 -5.76510741 -1.55009397]
[ 1.88747888 -3.44691846 -1.92721494]
[ 1.84180975 -1.60828365 -2.27745408]
[ 1.79149107 -0.42693168 -2.60484515]
[ 1.74322004  0.05218972 -2.91642743]
[ 1.69770435  0.12967504 -3.21657693]
[ 1.66656071  0.14437345 -3.49922093]
[ 1.6637409   0.16570631 -3.7566191 ]
[ 1.70037909  0.19266544 -3.98233081]
[ 1.78353764  0.22329982 -4.17222442]
[ 1.91543214  0.25488161 -4.32476528]
[ 2.09321555  0.28419866 -4.44128362]
[ 2.30897829  0.30789397 -4.52570996]
[ 2.55084488  0.32289109 -4.58415819]
[ 2.80394113  0.32672717 -4.62417954]
[ 3.05198764  0.31790653 -4.65382298]
[ 3.27895231  0.29605956 -4.68075681]
[ 3.4705147   0.26205715 -4.71144269]
[ 3.61556067  0.21789823 -4.75041909]
[ 3.70689454  0.16652388 -4.79992958]
[ 3.74188332  0.11148568 -4.85981901]
[ 3.72214553  0.05656413 -4.9275676 ]
[ 3.65304671  0.00537716 -4.99880744]
[ 3.54265872 -0.0389671  -5.06780237]
[ 3.40036972 -0.07413255 -5.12815498]
[ 3.23569134 -0.09867396 -5.17354006]
[ 3.05682392 -0.11206452 -5.1983352 ]
[ 2.86988589 -0.11455347 -5.19822385]
[ 2.67819711 -0.10701157 -5.17042093]
[ 2.48225463 -0.09066301 -5.11390277]
[ 2.28010437 -0.06690954 -5.02914231]
[ 2.06798489 -0.03714377 -4.91778636]
[ 1.84150219e+00 -1.91710509e-03 -4.78213709e+00]
[ 1.59665752  0.13019458 -4.62441055]
[ 1.33934952  0.62060346 -4.44389985]
[ 1.09090985  1.6317263  -4.23705488]
[ 0.87017375  3.10680687 -4.00469375]
[ 0.68940082  4.93259635 -3.75122262]
[ 0.55359709  6.96697339 -3.4823319 ]
[ 0.46000085  9.0517422  -3.20266837]
[ 0.39887108 11.02323688 -2.91482232]
[ 0.35359677 12.72594765 -2.61951759]
[ 0.30214019 14.02510028 -2.31806288]
[ 0.21945596 14.81578971 -2.01547751]
[ 0.08117216 15.03351576 -1.72286533]
[-0.13082617 14.65738713 -1.45766082]
[-0.42451273 13.71287835 -1.24012343]
[-0.79572846 12.26994894 -1.08776154]
[-1.23050511 10.43675097 -1.00951164]
[-1.70924309  8.35265793 -1.00298574]
[-2.21176627  6.17600008 -1.0553    ]
[-2.72059475  4.07177723 -1.14736072]
[-3.22132885  2.20064979 -1.25997728]
[-3.7021723   0.70506547 -1.37938186]
[-4.1529615  -0.30242524 -1.50135227]
[-4.56381139 -0.76731585 -1.6327639 ]
[-4.9250587  -0.8542899  -1.78875595]
[-5.23334068 -0.82873405 -1.97253086]
[-5.48962324 -0.78653962 -2.17770543]
[-5.69629567 -0.7322441  -2.3968551 ]
[-5.85637749 -0.66974437 -2.62222035]
[-5.9732065  -0.60282935 -2.84657376]
[-6.04999668 -0.53496719 -3.06354216]
[-6.0896057  -0.46917545 -3.26803687]
[-6.09448114 -0.40798582 -3.4561845 ]
[-6.06663901 -0.35339346 -3.62515036]
[-6.00785295 -0.30690625 -3.77312265]
[-5.91990759 -0.26953769 -3.89863743]
[-5.80476882 -0.24180433 -4.00044987]
[-5.66467063 -0.22373828 -4.07730232]
[-5.50226971 -0.21488429 -4.12775661]
[-5.32052648 -0.21431712 -4.15024449]
[-5.12265295 -0.22069222 -4.1432115 ]
[-4.9118463  -0.23231985 -4.10540923]
[-4.69099248 -0.24729375 -4.03622847]
[-4.4624742  -0.2636353  -3.93592836]
[-4.22800715 -0.27945064 -3.80586165]
[-3.98861117 -0.29307891 -3.64857022]
[-3.74456543 -0.30319927 -3.46760422]
[-3.49551464 -0.30888674 -3.2671749 ]
[-3.24100676 -0.30963786 -3.0519467 ]
[-2.98063396 -0.30531174 -2.82637675]
[-2.71428342 -0.29603117 -2.59413284]
[-2.44271509 -0.28210926 -2.35789795]
[-2.1674817  -0.33333359 -2.118879  ]
[-1.89381341 -0.78810204 -1.8742849 ]
[-1.63497623 -1.94555262 -1.61261068]
[-1.39816554 -3.75887461 -1.32752765]
[-1.17963765 -6.0489709  -1.02047477]
[-0.96560701 -8.58850672 -0.69993422]
[ -0.73662612 -11.1175325   -0.38259866]
