[ 0.30139189 16.99865622  0.16462537]
[-0.1264126  16.13630683  0.20043816]
[-0.5423472  14.53327548  0.11132766]
[-0.9162577  12.34428644 -0.08716701]
[-1.2281704   9.78187869 -0.36643602]
[-1.47180673  7.0952016  -0.69333654]
[-1.65238684  4.54575674 -1.03850613]
[-1.78137072  2.3815662  -1.38210018]
[-1.87044286  0.81301983 -1.71544865]
[-1.92729677 -0.00812182 -2.03982648]
[-1.95328794 -0.14319252 -2.36313901]
[-1.94638537 -0.13814577 -2.6931573 ]
[-1.91581597 -0.13550847 -3.0259659 ]
[-1.87616743 -0.13761081 -3.35349778]
[-1.84313457 -0.14623761 -3.66706244]
[-1.83186318 -0.16234273 -3.95814893]
[-1.85539849 -0.18585826 -4.21942839]
[-1.92314751 -0.2156087  -4.44533171]
[-2.03994672 -0.24938224 -4.63290208]
[-2.20543598 -0.28412454 -4.78199376]
[-2.41400208 -0.31625239 -4.89524956]
[-2.65541482 -0.34206372 -4.97791632]
[-2.91576823 -0.35816123 -5.03705886]
[-3.17894476 -0.36187112 -5.08080668]
[-3.42817778 -0.35157393 -5.11729909]
[-3.64777814 -0.32693249 -5.15387601]
[-3.824569   -0.28895365 -5.19616365]
[-3.94906749 -0.23990124 -5.24756743]
[-4.01621039 -0.1830568  -5.30900792]
[-4.02548887 -0.12235893 -5.37891667]
[-3.98057522 -0.06197763 -5.45354146]
[-3.88846991 -0.00588022 -5.52746458]
[-3.75828446  0.04255    -5.59427003]
[-3.59985472  0.0807902  -5.64726413]
[-3.42238943  0.10731927 -5.68021507]
[-3.23329149  0.12161522 -5.68792383]
[-3.03741499  0.12402979 -5.66677487]
[-2.83661114  0.11556903 -5.61476176]
[-2.63000485  0.09611049 -5.53169187]
[-2.41455116 -0.11841352 -5.41870276]
[-2.19569955 -0.8718721  -5.27381305]
[-1.99506321 -2.14842426 -5.09027417]
[-1.82983132 -3.85058988 -4.86584746]
[-1.70870185 -5.84809048 -4.60273424]
[-1.63135762 -7.98754304 -4.30585855]
[ -1.58962396 -10.10436563  -3.98188727]
[ -1.56927983 -12.03489101  -3.63827604]
[ -1.55249916 -13.6290867   -3.28322325]
[ -1.52005998 -14.76207026  -2.92584869]
[ -1.45304968 -15.34365807  -2.57648229]
[ -1.33446368 -15.32564672  -2.24707831]
[ -1.15077811 -14.70562388  -1.95102445]
[ -0.89355318 -13.52744893  -1.70196696]
[ -0.56045753 -11.87811764  -1.51127896]
[-0.15533101 -9.88112214 -1.38510286]
[ 0.3132517  -7.68709355 -1.32194825]
[ 0.83356189 -5.46225085 -1.31223324]
[ 1.39230735 -3.37524267 -1.34054927]
[ 1.9751309  -1.5844254  -1.38978758]
[ 2.56666259 -0.22519779 -1.44648025]
[ 3.15056307  0.60040038 -1.50544638]
[ 3.71014294  0.873192   -1.57318959]
[ 4.22952456  0.93524883 -1.66631946]
[ 4.69970733  0.97055539 -1.79363123]
[ 5.11673213  0.98068376 -1.95463593]
[ 5.47880402  0.96721296 -2.14570815]
[ 5.78604144  0.93299576 -2.36096667]
[ 6.04002528  0.88176776 -2.59297049]
[ 6.24338405  0.81776785 -2.83369781]
[ 6.39921644  0.74535191 -3.07524948]
[ 6.51075609  0.66870659 -3.31054922]
[ 6.58094538  0.59161852 -3.53364093]
[ 6.61242328  0.51736605 -3.73996577]
[ 6.60734218  0.44864638 -3.92617831]
[ 6.56759005  0.38758142 -4.09000138]
[ 6.49494549  0.33572966 -4.22986211]
[ 6.39128441  0.2941042  -4.34454508]
[ 6.25878918  0.26318446 -4.43289754]
[ 6.10000655  0.24291709 -4.4936064 ]
[ 5.91794771  0.23272651 -4.52523433]
[ 5.71588063  0.23153419 -4.52621627]
[ 5.49719334  0.23781546 -4.49516065]
[ 5.26513383  0.24969345 -4.43112982]
[ 5.02261432  0.26507435 -4.33401055]
[ 4.77181976  0.28179968 -4.20464726]
[ 4.51429738  0.29782567 -4.04513904]
[ 4.25080894  0.3113713  -3.85871517]
[ 3.98142294  0.32103271 -3.64951393]
[ 3.70583808  0.32585179 -3.42228006]
[ 3.42362506  0.32531266 -3.18182351]
[ 3.13460936  0.45926384 -2.9324994 ]
[ 2.84298074  1.27138831 -2.67377333]
[ 2.56528224  2.82132027 -2.39149035]
[ 2.31234291  4.95628493 -2.07624211]
[ 2.08307171  7.46558911 -1.72743053]
[ 1.86512966 10.10160025 -1.35238232]
[ 1.63813638 12.60384169 -0.96591383]
[ 1.37949911 14.72470331 -0.5904982 ]
[ 1.07165468 16.25366366 -0.25548107]
[7.08909444e-01 1.70381787e+01 6.24331218e-03]
[0. 0. 0.]
