0.99968391
1.00015355
1.00066538
1.00117721
1.00168904
1.00220087
1.0027127
1.00322453
1.00373636
1.00424819
1.00476002
1.00527185
1.00578368
1.00629551
1.00680734
1.00731917
1.007831
1.00834283
1.00885466
1.00936649
1.00987832
1.01039015
1.01090198
1.01141381
1.01192564
1.01243747
1.0129493
1.01346113
1.01397296
1.01448479
1.01499662
1.01550845
1.01602028
1.01653211
1.01704394
1.01755577
1.0180676
1.01857943
1.01909126
1.01960309
1.02011492
1.02062675
1.02113858
1.02165041
1.02216224
1.02267407
1.0231859
1.02369773
1.02420956
1.02472139
1.02523322
1.02574505
1.02625688
1.02676871
1.02728054
1.02779237
1.0283042
1.02881603
1.02932786
1.02983969
1.03035152
1.03086335
1.03137518
1.03188701
1.03239884
1.03291067
1.0334225
1.03393433
1.03444616
1.03495799
1.03546982
1.03598165
1.03649348
1.03700531
1.03751714
1.03802897
1.0385408
1.03905263
1.03956446
1.04007629
1.04058812
1.04109995
1.04161178
1.04212361
1.04263544
1.04314727
1.0436591
1.04417093
1.04468276
1.04519459
1.04570642
1.04621825
1.04673008
1.04724191
1.04775374
1.04826557
1.0487774
1.04928923
1.04980106
1.05031289
1.05082472
1.05133655
1.05184838
1.05236021
1.05287204
1.05338387
1.0538957
1.05440753
1.05491936
1.05543119
1.05594302
1.05645485
1.05696668
1.05747851
1.05799034
1.05850217
1.059014
1.05952583
1.06003766
1.06054949
1.06106132
1.06157315
1.06208498
1.06259681
1.06310864
1.06362047
1.0641323
1.06464413
1.06515596
1.06566779
1.06617962
1.06669145
1.06720328
1.06771511
1.06822694
1.06873877
1.0692506
1.06976243
1.07027426
1.07078609
1.07129792
1.07180975
1.07232158
1.07283341
1.07334524
1.07385707
1.0743689
1.07488073
1.07539256
1.07590439
1.07641622
1.07692805
1.07743988
1.07795171
1.07846354
1.07897537
1.0794872
1.07999903
1.08051086
1.08102269
1.08153452
1.08204635
1.08255818
1.08307001
1.08358184
1.08409367
1.0846055
1.08511733
1.08562916
1.08614099
1.08665282
1.08716465
1.08767648
1.08818831
1.08870014
1.08921197
1.0897238
1.09023563
1.09074746
1.09125929
1.09177112
1.09228295
1.09279478
1.09330661
1.09381844
1.09433027
1.0948421
1.09535393
1.09586576
1.09637759
1.09688942
1.09740125
1.09791308
1.09842491
1.09893674
1.09944857
1.0999604
1.10047223
1.10098406
1.10149589
1.10200772
1.10251955
1.10303138
1.10354321
1.10405504
1.10456687
1.1050787
1.10559053
1.10610236
1.10661419
1.10712602
1.10763785
1.10814968
1.10866151
1.10917334
1.10968517
1.110197
1.11070883
1.11122066
1.11173249
1.11224432
1.11275615
1.11326798
1.11377981
1.11429164
1.11480347
1.1153153
1.11582713
1.11633896
1.11685079
1.11736262
1.11787445
1.11838628
1.11889811
1.11940994
1.11992177
1.1204336
1.12094543
1.12145726
1.12196909
1.12248092
1.12299275
1.12350458
1.12401641
1.12452824
1.12504007
1.1255519
1.12606373
1.12657556
1.12708739
1.12759922
1.12811105
1.12862288
1.12913471
1.12964654
1.13015837
1.1306702
1.13118203
1.13169386
1.13220569
1.13271752
1.13322935
1.13374118
1.13425301
1.13476484
1.13527667
1.1357885
1.13630033
1.13681216
1.13732399
1.13783582
1.13834765
1.13885948
1.13937131
1.13988314
1.14039497
1.1409068
1.14141863
1.14193046
1.14244229
1.14295412
1.14346595
1.14397778
1.14448961
1.14500144
1.14551327
1.1460251
1.14653693
1.14704876
1.14756059
1.14807242
1.14858425
1.14909608
1.14960791
1.15011974
1.15063157
1.1511434
1.15165523
1.15216706
1.15267889
1.15319072
1.15370255
1.15421438
1.15472621
1.15523804
1.15574987
1.1562617
1.15677353
1.15728536
1.15779719
1.15830902
1.15882085
1.15933268
1.15984451
1.16035634
1.16086817
1.16138
1.16189183
1.16240366
1.16291549
1.16342732
1.16393915
1.16445098
1.16496281
1.16547464
1.16598647
1.1664983
1.16701013
1.16752196
1.16803379
1.16854562
1.16905745
1.16956928
1.17008111
1.17059294
1.17110477
1.1716166
1.17212843
1.17264026
1.17315209
1.17366392
1.17417575
1.17468758
1.17519941
1.17571124
1.17622307
1.1767349
1.17724673
1.17775856
1.17827039
1.17878222
1.17929405
1.17980588
1.18031771
1.18082954
1.18134137
1.1818532
1.18236503
1.18287686
1.18338869
1.18390052
1.18441235
1.18492418
1.18543601
1.18594784
1.18645967
1.1869715
1.18748333
1.18799516
1.18850699
1.18901882
1.18953065
1.19004248
1.19055431
1.19106614
1.19157797
1.1920898
1.19260163
1.19311346
1.19362529
1.19413712
1.19464895
1.19516078
1.19567261
1.19618444
1.19669627
1.1972081
1.19771993
1.19823176
1.19874359
1.19925542
1.19976725
1.20027908
1.20079091
1.20130274
1.20181457
1.2023264
1.20283823
1.20335006
1.20386189
1.20437372
1.20488555
1.20539738
1.20590921
1.20642104
1.20693287
1.2074447
1.20795653
1.20846836
1.20898019
1.20949202
1.21000385
1.21051568
1.21102751
1.21153934
1.21205117
1.212563
1.21307483
1.21358666
1.21409849
1.21461032
1.21512215
1.21563398
1.21614581
1.21665764
1.21716947
1.2176813
1.21819313
1.21870496
1.21921679
1.21972862
1.22024045
1.22075228
1.22126411
1.22177594
1.22228777
1.2227996
1.22331143
1.22382326
1.22433509
1.22484692
1.22535875
1.22587058
1.22638241
1.22689424
1.22740607
1.2279179
1.22842973
1.22894156
1.22945339
1.22996522
1.23047705
1.23098888
1.23150071
1.23201254
1.23252437
1.2330362
1.23354803
1.23405986
1.23457169
1.23508352
1.23559535
1.23610718
1.23661901
1.23713084
1.23764267
1.2381545
1.23866633
1.23917816
1.23968999
1.24020182
1.24071365
1.24122548
1.24173731
1.24224914
1.24276097
1.2432728
1.24378463
1.24429646
1.24480829
1.24532012
1.24583195
1.24634378
1.24685561
1.24736744
1.24787927
1.2483911
1.24890293
1.24941476
1.24992659
1.25043842
1.25095025
1.25146208
1.25197391
1.25248574
1.25299757
1.2535094
1.25402123
1.25453306
1.25504489
1.25555672
1.25606855
1.25658038
1.25709221
1.25760404
1.25811587
1.2586277
1.25913953
1.25965136
1.26016319
1.26067502
1.26118685
1.26169868
1.26221051
1.26272234
1.26323417
1.263746
1.26425783
1.26476966
1.26528149
1.26579332
1.26630515
1.26681698
1.26732881
1.26784064
1.26835247
1.2688643
1.26937613
1.26988796
1.27039979
1.27091162
1.27142345
1.27193528
1.27244711
1.27295894
1.27347077
1.2739826
1.27449443
1.27500626
1.27551809
1.27602992
1.27654175
1.27705358
1.27756541
1.27807724
1.27858907
1.2791009
1.27961273
1.28012456
1.28063639
1.28114822
1.28166005
1.28217188
1.28268371
1.28319554
1.28370737
1.2842192
1.28473103
1.28524286
1.28575469
1.28626652
1.28677835
1.28729018
1.28780201
1.28831384
1.28882567
1.2893375
1.28984933
1.29036116
1.29087299
1.29138482
1.29189665
1.29240848
1.29292031
1.29343214
1.29394397
1.2944558
1.29496763
1.29547946
1.29599129
1.29650312
1.29701495
1.29752678
1.29803861
1.29855044
1.29906227
1.2995741
1.30008593
1.30059776
1.30110959
1.30162142
1.30213325
1.30264508
1.30315691
1.30366874
1.30418057
1.3046924
1.30520423
1.30571606
1.30622789
1.30673972
1.30725155
1.30776338
1.30827521
1.30878704
1.30929887
1.3098107
1.31032253
1.31083436
1.31134619
1.31185802
1.31236985
1.31288168
1.31339351
1.31390534
1.31441717
1.314929
1.31544083
1.31595266
1.31646449
1.31697632
1.31748815
1.31799998
1.31851181
1.31902364
1.31953547
1.3200473
1.32055913
1.32107096
1.32158279
1.32209462
1.32260645
1.32311828
1.32363011
1.32414194
1.32465377
1.3251656
1.32567743
1.32618926
1.32670109
1.32721292
1.32772475
1.32823658
1.32874841
1.32926024
1.32977207
1.3302839
1.33079573
1.33130756
1.33181939
1.33233122
1.33284305
1.33335488
1.33386671
1.33437854
1.33489037
1.3354022
1.33591403
1.33642586
1.33693769
1.33744952
1.33796135
1.33847318
1.33898501
1.33949684
1.34000867
1.3405205
1.34103233
1.34154416
1.34205599
1.34256782
1.34307965
1.34359148
1.34410331
1.34461514
1.34512697
1.3456388
1.34615063
1.34666246
1.34717429
1.34768612
1.34819795
1.34870978
1.34922161
1.34973344
1.35024527
1.3507571
1.35126893
1.35178076
1.35229259
1.35280442
1.35331625
1.35382808
1.35433991
1.35485174
1.35536357
1.3558754
1.35638723
1.35689906
1.35741089
1.35792272
1.35843455
1.35894638
1.35945821
1.35997004
1.36048187
1.3609937
1.36150553
1.36201736
1.36252919
1.36304102
1.36355285
1.36406468
1.36457651
1.36508834
1.36560017
1.366112
1.36662383
1.36713566
1.36764749
1.36815932
1.36867115
1.36918298
1.36969481
1.37020664
1.37071847
1.3712303
1.37174213
1.37225396
1.37276579
1.37327762
1.37378945
1.37430128
1.37481311
1.37532494
1.37583677
1.3763486
1.37686043
1.37737226
1.37788409
1.37839592
1.37890775
1.37941958
1.37993141
1.38044324
1.38095507
1.3814669
1.38197873
1.38249056
1.38300239
1.38351422
1.38402605
1.38453788
1.38504971
1.38556154
1.38607337
1.3865852
1.38709703
1.38760886
1.38812069
1.38863252
1.38914435
1.38965618
1.39016801
1.39067984
1.39119167
1.3917035
1.39221533
1.39272716
1.39323899
1.39375082
1.39426265
1.39477448
1.39528631
1.39579814
1.39630997
1.3968218
1.39733363
1.39784546
1.39835729
1.39886912
1.39938095
1.39989278
1.40040461
1.40091644
1.40142827
1.4019401
1.40245193
1.40296376
1.40347559
1.40398742
1.40449925
1.40501108
1.40552291
1.40603474
1.40654657
1.4070584
1.40757023
1.40808206
1.40859389
1.40910572
1.40961755
1.41012938
1.41064121
1.41115304
1.41166487
1.4121767
1.41268853
1.41320036
1.41371219
1.41422402
1.41473585
1.41524768
1.41575951
1.41627134
1.41678317
1.417295
1.41780683
1.41831866
1.41883049
1.41934232
1.41985415
1.42036598
1.42087781
1.42138964
1.42190147
1.4224133
1.42292513
1.42343696
1.42394879
1.42446062
1.42497245
1.42548428
1.42599611
1.42650794
1.42701977
1.4275316
1.42804343
1.42855526
1.42906709
1.42957892
1.43009075
1.43060258
1.43111441
1.43162624
1.43213807
1.4326499
1.43316173
1.43367356
1.43418539
1.43469722
1.43520905
1.43572088
1.43623271
1.43674454
1.43725637
1.4377682
1.43828003
1.43879186
1.43930369
1.43981552
1.44032735
1.44083918
1.44135101
1.44186284
1.44237467
1.4428865
1.44339833
1.44391016
1.44442199
1.44493382
1.44544565
1.44595748
1.44646931
1.44698114
1.44749297
1.4480048
1.44851663
1.44902846
1.44954029
1.45005212
1.45056395
1.45107578
1.45158761
1.45209944
1.45261127
1.4531231
1.45363493
1.45414676
1.45465859
1.45517042
1.45568225
1.45619408
1.45670591
1.45721774
1.45772957
1.4582414
1.45875323
1.45926506
1.45977689
1.46028872
1.46080055
1.46131238
1.46182421
1.46233604
1.46284787
1.4633597
1.46387153
1.46438336
1.46489519
1.46540702
1.46591885
1.46643068
1.46694251
1.46745434
1.46796617
1.468478
1.46898983
1.46950166
1.47001349
1.47052532
1.47103715
1.47154898
1.47206081
1.47257264
1.47308447
1.4735963
1.47410813
1.47461996
1.47513179
1.47564362
1.47615545
1.47666728
1.47717911
1.47769094
1.47820277
1.4787146
1.47922643
1.47973826
1.48025009
1.48076192
1.48127375
1.48178558
1.48229741
1.48280924
1.48332107
1.4838329
1.48434473
1.48485656
1.48536839
1.48588022
1.48639205
1.48690388
1.48741571
1.48792754
1.48843937
1.4889512
1.48946303
1.48997486
1.49048669
1.49099852
1.49151035
1.49202218
1.49253401
1.49304584
1.49355767
1.4940695
1.49458133
1.49509316
1.49560499
1.49611682
1.49662865
1.49714048
1.49765231
1.49816414
1.49867597
1.4991878
1.49969963
1.50020473
1.50071656
1.50122839
1.50174022
1.50225205
1.50276388
1.50327571
1.50378754
1.50429937
1.5048112
1.50532303
1.50583486
1.50634669
1.50685852
1.50737035
1.50788218
1.50839401
1.50890584
1.50941767
1.5099295
1.51044133
1.51095316
1.51146499
1.51197682
1.51248865
1.51300048
1.51351231
1.51402414
1.51453597
1.5150478
1.51555963
1.51607146
1.51658329
1.51709512
1.51760695
1.51811878
1.51863061
1.51914244
1.51965427
1.5201661
1.52067793
1.52118976
1.52170159
1.52221342
1.52272525
1.52323708
1.52374891
1.52426074
1.52477257
1.5252844
1.52579623
1.52630806
1.52681989
1.52733172
1.52784355
1.52835538
1.52886721
1.52937904
1.52989087
1.5304027
1.53091453
1.53142636
1.53193819
1.53245002
1.53296185
1.53347368
1.53398551
1.53449734
1.53500917
1.535521
1.53603283
1.53654466
1.53705649
1.53756832
1.53808015
1.53859198
1.53910381
1.53961564
1.54012747
1.5406393
1.54115113
1.54166296
1.54217479
1.54268662
1.54319845
1.54371028
1.54422211
1.54473394
1.54524577
1.5457576
1.54626943
1.54678126
1.54729309
1.54780492
1.54831675
1.54882858
1.54934041
1.54985224
1.55036407
1.5508759
1.55138773
1.55189956
1.55241139
1.55292322
1.55343505
1.55394688
1.55445871
1.55497054
1.55548237
1.5559942
1.55650603
1.55701786
1.55752969
1.55804152
1.55855335
1.55906518
1.55957701
1.56008884
1.56060067
1.5611125
1.56162433
1.56213616
1.56264799
1.56315982
1.56367165
1.56418348
1.56469531
1.56520714
1.56571897
1.5662308
1.56674263
1.56725446
1.56776629
1.56827812
1.56878995
1.56930178
1.56981361
1.57032544
1.57083727
1.5713491
1.57186093
1.57237276
1.57288459
1.57339642
1.57390825
1.57442008
1.57493191
1.57544374
1.57595557
1.5764674
1.57697923
1.57749106
1.57800289
1.57851472
1.57902655
1.57953838
1.58005021
1.58056204
1.58107387
1.5815857
1.58209753
1.58260936
1.58312119
1.58363302
1.58414485
1.58465668
1.58516851
1.58568034
1.58619217
1.586704
1.58721583
1.58772766
1.58823949
1.58875132
1.58926315
1.58977498
1.59028681
1.59079864
1.59131047
1.5918223
1.59233413
1.59284596
1.59335779
1.59386962
1.59438145
1.59489328
1.59540511
1.59591694
1.59642877
1.5969406
1.59745243
1.59796426
1.59847609
1.59898792
1.59949975
1.60001158
1.60052341
1.60103524
1.60154707
1.6020589
1.60257073
1.60308256
1.60359439
1.60410622
1.60461805
1.60512988
1.60564171
1.60615354
1.60666537
1.6071772
1.60768903
1.60820086
1.60871269
1.60922452
1.60973635
1.61024818
1.61076001
1.61127184
1.61178367
1.6122955
1.61280733
1.61331916
1.61383099
1.61434282
1.61485465
1.61536648
1.61587831
1.61639014
1.61690197
1.6174138
1.61792563
1.61843746
1.61894929
1.61946112
1.61997295
1.62048478
1.62099661
1.62150844
1.62202027
1.6225321
1.62304393
1.62355576
1.62406759
1.62457942
1.62509125
1.62560308
1.62611491
1.62662674
1.62713857
1.6276504
1.62816223
1.62867406
1.62918589
1.62969772
1.63020955
1.63072138
1.63123321
1.63174504
1.63225687
1.6327687
1.63328053
1.63379236
1.63430419
1.63481602
1.63532785
1.63583968
1.63635151
1.63686334
1.63737517
1.637887
1.63839883
1.63891066
1.63942249
1.63993432
1.64044615
1.64095798
1.64146981
1.64198164
1.64249347
1.6430053
1.64351713
1.64402896
1.64454079
1.64505262
1.64556445
1.64607628
1.64658811
1.64709994
1.64761177
1.6481236
1.64863543
1.64914726
1.64965909
1.65017092
1.65068275
1.65119458
1.65170641
1.65221824
1.65273007
1.6532419
1.65375373
1.65426556
1.65477739
1.65528922
1.65580105
1.65631288
1.65682471
1.65733654
1.65784837
1.6583602
1.65887203
1.65938386
1.65989569
1.66040752
1.66091935
1.66143118
1.66194301
1.66245484
1.66296667
1.6634785
1.66399033
1.66450216
1.66501399
1.66552582
1.66603765
1.66654948
1.66706131
1.66757314
1.66808497
1.6685968
1.66910863
1.66962046
1.67013229
1.67064412
1.67115595
1.67166778
1.67217961
1.67269144
1.67320327
1.6737151
1.67422693
1.67473876
1.67525059
1.67576242
1.67627425
1.67678608
1.67729791
1.67780974
1.67832157
1.6788334
1.67934523
1.67985706
1.68036889
1.68088072
1.68139255
1.68190438
1.68241621
1.68292804
1.68343987
1.6839517
1.68446353
1.68497536
1.68548719
1.68599902
1.68651085
1.68702268
1.68753451
1.68804634
1.68855817
1.68907
1.68958183
1.69009366
1.69060549
1.69111732
1.69162915
1.69214098
1.69265281
1.69316464
1.69367647
1.6941883
1.69470013
1.69521196
1.69572379
1.69623562
1.69674745
1.69725928
1.69777111
1.69828294
1.69879477
1.6993066
1.69981843
1.70033026
1.70084209
1.70135392
1.70186575
1.70237758
1.70288941
1.70340124
1.70391307
1.7044249
1.70493673
1.70544856
1.70596039
1.70647222
1.70698405
1.70749588
1.70800771
1.70851954
1.70903137
1.7095432
1.71005503
1.71056686
1.71107869
1.71159052
1.71210235
1.71261418
1.71312601
1.71363784
1.71414967
1.7146615
1.71517333
1.71568516
1.71619699
1.71670882
1.71722065
1.71773248
1.71824431
1.71875614
1.71926797
1.71977974
1.7202914
1.7208029
1.7213143
1.72182554
1.72233667
1.72284767
1.72335855
1.72386931
1.72437995
1.72489047
1.72540088
1.72591117
1.72642137
1.72693146
1.72744144
1.72795133
1.72846112
1.72897082
1.72948043
1.72998995
1.73049939
1.73100874
1.73151801
1.73202721
1.73253633
1.73304538
1.73355435
1.73406325
1.73457209
1.73508086
1.73558957
1.73609822
1.73660681
1.73711535
1.73762383
1.73813225
1.73864062
1.73914893
1.73965721
1.74016544
1.74067361
1.74118165
1.74168953
1.74219725
1.7427048
1.74321221
1.74371945
1.74422657
1.74473351
1.74524034
1.74574699
1.74625351
1.74675985
1.74726607
1.74777208
1.74827799
1.74878371
1.74928931
1.74979476
1.75030006
1.75080524
1.75131029
1.7518152
1.75232
1.75282464
1.75332915
1.75383351
1.75433775
1.75484186
1.75534582
1.75584969
1.75635338
1.75685702
1.7573605
1.7578639
1.75836719
1.75887035
1.75937345
1.7598764
1.76037931
1.7608821
1.76138478
1.7618874
1.76238989
1.76289234
1.76339467
1.76389689
1.76439906
1.7649011
1.7654031
1.76590498
1.76640678
1.76690853
1.76741015
1.76791173
1.7684132
1.7689146
1.76941594
1.76991717
1.77041834
1.77091945
1.77142044
1.7719214
1.77242223
1.772923
1.7734237
1.77392428
1.77442477
1.7749252
1.7754255
1.77592571
1.77642584
1.77692585
1.77742575
1.77792556
1.77842525
1.77892484
1.77942431
1.77992368
1.78042293
1.78092207
1.7814211
1.78192002
1.78241882
1.78291754
1.78341614
1.78391463
1.78441305
1.78491133
1.78540955
1.78590766
1.78640568
1.78690363
1.78740148
1.78789924
1.78839693
1.78889452
1.78939203
1.78988947
1.79038681
1.79088409
1.79138129
1.7918784
1.79237545
1.79287242
1.79336932
1.79386616
1.79436293
1.79485963
1.79535627
1.79585284
1.79634934
1.79684579
1.79734217
1.79783848
1.79833475
1.79883095
1.79932709
1.79982319
1.80031923
1.80081521
1.80131116
1.80180705
1.80230289
1.80279868
1.80329442
1.80379013
1.80428577
1.80478137
1.80527694
1.80577246
1.80626793
1.8067634
1.80725881
1.80775419
1.80824956
1.8087449
1.80924021
1.80973551
1.81023079
1.81072606
1.81122131
1.81171656
1.8122118
1.81270705
1.81320229
1.81369755
1.81419282
1.81468809
1.81518338
1.8156787
1.81617403
1.8166694
1.81716479
1.81766021
1.81815568
1.81865118
1.81914673
1.81964233
1.82013798
1.82063369
1.82112944
1.82162526
1.82212112
1.82261704
1.82311302
1.82360906
1.82410516
1.82460131
1.82509753
1.82559383
1.82609017
1.82658658
1.82708308
1.82757964
1.82807625
1.82857293
1.82906968
1.82956646
1.8300633
1.83056022
1.83105719
1.83155423
1.83205132
1.83254848
1.83304569
1.83354297
1.83404032
1.83453774
1.83503521
1.83553278
1.83603043
1.83652815
1.83702595
1.83752386
1.83802186
1.83851994
1.83901812
1.83951642
1.84001481
1.8405133
1.84101189
1.84151059
1.84200938
1.8425083
1.84300733
1.84350647
1.84400573
1.84450511
1.8450046
1.84550418
1.84600385
1.84650367
1.8470036
1.84750365
1.84800379
1.84850404
1.84900445
1.84950496
1.8500056
1.85050636
1.85100725
1.85150827
1.8520094
1.85251066
1.85301204
1.85351353
1.85401514
1.85451688
1.85501874
1.85552073
1.85602283
1.85652506
1.85702741
1.85752988
1.85803247
1.85853518
1.85903802
1.85954099
1.86004407
1.86054728
1.8610506
1.86155409
1.8620577
1.86256141
1.86306529
1.86356929
1.86407343
1.8645777
1.86508209
1.86558664
1.86609131
1.8665961
1.86710103
1.8676061
1.86811131
1.86861665
1.86912211
1.86962772
1.87013348
1.8706394
1.87114546
1.87165167
1.87215801
1.8726645
1.87317116
1.87367794
1.87418486
1.87469197
1.87519921
1.87570658
1.87621413
1.87672181
1.87722962
1.87773763
1.87824577
1.87875405
1.87926248
1.87977108
1.88027983
1.88078873
1.88129781
1.88180704
1.88231643
1.882826
1.88333571
1.88384557
1.88435562
1.88486581
1.88537618
1.88588672
1.88639738
1.88690821
1.88741922
1.88793036
1.88844171
1.88895323
1.88946487
1.88997669
1.89048852
1.89100035
1.89151218
1.89202401
1.89253584
1.89304767
1.8935595
1.89407133
1.89458316
1.89509499
1.89560682
1.89611865
1.89663048
1.89714231
1.89765414
1.89816597
1.8986778
1.89918963
1.89970146
1.90021329
1.90072512
1.90123695
1.90174878
1.90226061
1.90277244
1.90328427
1.9037961
1.90430793
1.90481976
1.90533159
1.90584342
1.90635525
1.90686708
1.90737891
1.90789074
1.90840257
1.9089144
1.90942623
1.90993806
1.91044989
1.91096172
1.91147355
1.91198538
1.91249721
1.91300904
1.91352087
1.9140327
1.91454453
1.91505636
1.91556819
1.91608002
1.91659185
1.91710368
1.91761551
1.91812734
1.91863917
1.919151
1.91966283
1.92017466
1.92068649
1.92119832
1.92171015
1.92222198
1.92273381
1.92324564
1.92375747
1.9242693
1.92478113
1.92529296
1.92580479
1.92631662
1.92682845
1.92734028
1.92785211
1.92836394
1.92887577
1.9293876
1.92989943
1.93041126
1.93092309
1.93143492
1.93194675
1.93245858
1.93297041
1.93348224
1.93399407
1.9345059
1.93501773
1.93552956
1.93604139
1.93655322
1.93706505
1.93757688
1.93808871
1.93860054
1.93911237
1.9396242
1.94013603
1.94064786
1.94115969
1.94167152
1.94218335
1.94269518
1.94320701
1.94371884
1.94423067
1.9447425
1.94525433
1.94576616
1.94627799
1.94678982
1.94730165
1.94781348
1.94832531
1.94883714
1.94934897
1.9498608
1.95037263
1.95088446
1.95139629
1.95190812
1.95241995
1.95293178
1.95344361
1.95395544
1.95446727
1.9549791
1.95549093
1.95600276
1.95651459
1.95702642
1.95753825
1.95805008
1.95856191
1.95907374
1.95958557
1.9600974
1.96060923
1.96112106
1.96163289
1.96214472
1.96265655
1.96316838
1.96368021
1.96419204
1.96470387
1.9652157
1.96572753
1.96623936
1.96675119
1.96726302
1.96777485
1.96828668
1.96879851
1.96931034
1.96982217
1.970334
1.97084583
1.97135766
1.97186949
1.97238132
1.97289315
1.97340498
1.97391681
1.97442864
1.97494047
1.9754523
1.97596413
1.97647596
1.97698779
1.97749962
1.97801145
1.97852328
1.97903511
1.97954694
1.98005877
1.9805706
1.98108243
1.98159426
1.98210609
1.98261792
1.98312975
1.98364158
1.98415341
1.98466524
1.98517707
1.9856889
1.98620073
1.98671256
1.98722439
1.98773622
1.98824805
1.98875988
1.98927171
1.98978354
1.99029537
1.9908072
1.99131903
1.99183086
1.99234269
1.99285452
1.99336635
1.99387818
1.99439001
1.99490184
1.99541367
1.9959255
1.99643733
1.99694916
1.99746099
1.99797282
1.99848465
1.99899648
1.99950831
2.0
2.0
