-0.10419474000000002
-0.10320142616027898
-0.10087145957056125
-0.0971262630044267
-0.09199461713183352
-0.08562136958216311
-0.07826720589945314
-0.07030295628478919
-0.062182047773178595
-0.054405610241458006
-0.04747659711312456
-0.04184956892468085
-0.037882748684543305
-0.03579700320227068
-0.03564542839927085
-0.037303516349472675
-0.04047073741364672
-0.044699358802141737
-0.049430355742650874
-0.054049101777143976
-0.0579437269
-0.060562588469857175
-0.06147113736241057
-0.060389505705421724
-0.057217883225351776
-0.05204390154396811
-0.04512599458272082
-0.03686745936764121
-0.027768792196552934
-0.018380937194797196
-0.009250806132970916
-0.0008754182288593298
0.006336088592984311
0.012085217936449974
0.016191997303695197
0.01858663414003541
0.019289797138540246
0.018383075573745966
0.01597128093132681
0.012155986255333213
0.007002535045596101
0.0005299180587270094
-0.007296704548340988
-0.01655222534732858
-0.027331682455859166
-0.039717952729862276
-0.0537467263445371
-0.06937337820354537
-0.08644272154193769
-0.10467483670140083
-0.123657904
-0.1428630129413281
-0.16166853012238444
-0.17939870320157084
-0.19537245106814774
-0.20895033319340411
-0.21958712598646035
-0.22686873092601065
-0.23054475327001153
-0.23054374581536838
-0.22697136629357403
-0.22010020921255108
-0.21033618194273487
-0.1981908407716234
-0.18423149606601794
-0.16904899557265105
-0.15321313385223612
-0.1372474743506632
-0.12160622958150163
-0.10666354177426084
-0.0927121769995815
-0.07996885802742944
-0.06858458202523743
-0.05865858390010525
-0.050250379471926634
-0.04338994117030722
-0.03808372272265051
-0.03431712461831113
-0.032053103377119495
-0.031230218160139038
-0.03175490365008781
-0.03350411159350085
-0.03632085173892204
-0.04002322135758092
-0.044409140062637964
-0.04927146532123022
-0.05440961958175568
-0.0596446396277887
-0.06483012330918668
-0.06985934855060177
-0.0746666466657847
-0.07922207486119923
-0.08352058435921382
-0.08756628379869802
-0.09135470500177953
-0.09485613240021572
-0.09800188519526247
-0.1006787899086689
-0.10272932593890549
-0.10396540664687495
