-0.10419474000000002
-0.1032010820791478
-0.10087140017413197
-0.09712594644044832
-0.091994754414539
-0.08562117469204561
-0.07826723690512535
-0.0703029491332889
-0.06218204822815343
-0.054405539867843425
-0.047476679256533
-0.0418491907706043
-0.0378829790285165
-0.03579654854268683
-0.03564575671312506
-0.03730325004410136
-0.0404709920165512
-0.04469930083821113
-0.04943033029556805
-0.05404914699599203
-0.0579437269
-0.06056246963960377
-0.0614716021910355
-0.060389233421419025
-0.05721836130936776
-0.05204356950274721
-0.04512623288670945
-0.0368672504754178
-0.027768824362717468
-0.01838096853498329
-0.009250887793932037
-0.0008753193473034053
0.0063361159414705515
0.012085484090192266
0.016191701387030664
0.018586845678053455
0.01928979250001739
0.018383003322524277
0.015971290297443284
0.012155923149132901
0.00700255539390952
0.0005298661101325439
-0.00729666981856543
-0.016552270693916737
-0.027331628781743774
-0.039717987369162794
-0.05374665843090071
-0.06937339574603488
-0.0864426614403163
-0.10467483925701306
-0.12365791355748669
-0.1428630212282536
-0.16166842483065666
-0.17939877811845742
-0.19537226206763578
-0.20895051850219018
-0.21958692799709284
-0.2268690306704668
-0.2305446091121095
-0.2305441137904695
-0.22697239
-0.22010036579971867
-0.21033619286350932
-0.19819062286003164
-0.18423153211926818
-0.16904891777084183
-0.15321314042365627
-0.1372475069675086
-0.12160617387766438
-0.10666361371505186
-0.09271207956497164
-0.07996885572286704
-0.06858429510041843
-0.05865883743522644
-0.05025058534481697
-0.04338973255600582
-0.038083586727649325
-0.034317024814498547
-0.03205336946605808
-0.03123004564104417
-0.03175487319148675
-0.03350398219823965
-0.036321061536887585
-0.04002322866442535
-0.044409256115012195
-0.04927147394681737
-0.05440962050026395
-0.05964463795063667
-0.06483014846369026
-0.06985935856674093
-0.07466664248589766
-0.07922207663064104
-0.08352058312842743
-0.08756628592523887
-0.09135470417277029
-0.09485613610801245
-0.09800188474884236
-0.10067879091419026
-0.10272932689574663
-0.10396539622419554
