-0.1041851607697739
-0.10320151065664243
-0.10087161827827765
-0.09712635114300805
-0.09199503078226716
-0.08562141996654174
-0.07826740535009355
-0.07030297928105286
-0.062181944818230736
-0.054405438349752276
-0.04747625432653203
-0.04184913828517711
-0.037882353961244404
-0.03579642370572338
-0.035645173472745546
-0.037303026822629926
-0.04047067724195199
-0.04469919114051378
-0.04943035986364992
-0.054049338822467874
-0.057943726889027866
-0.06056302976395836
-0.06147166562583912
-0.060389928008745555
-0.05721849022494666
-0.05204413004485159
-0.04512643028810947
-0.03686749736108726
-0.02776888653093058
-0.018380900110793283
-0.009250686603870701
-0.0008750848740709053
0.006336559221034825
0.012085696466384422
0.0161922554834631
0.018586918775698652
0.019290321370837405
0.018383081772358232
0.015971736623132123
0.012156103048409875
0.00700294338273878
0.0005301400951018484
-0.007296301814072491
-0.01655187883050728
-0.027331297580870564
-0.03971749785654636
-0.053746436930784264
-0.06937292822925013
-0.08644259737960508
-0.10467458599861816
-0.12365790395402976
-0.14286314052383242
-0.16166862688175837
-0.17939925221984354
-0.19537285459994602
-0.20895116711461154
-0.21958790170796577
-0.22686958988021133
-0.23054577688368696
-0.23054438062028537
-0.2269723897731538
-0.22010050490927652
-0.21033695854069503
-0.1981908632102161
-0.18423189438569063
-0.16904904832978923
-0.1532131698809616
-0.13724742148249305
-0.12160602507221516
-0.10666331886809562
-0.09271190731923132
-0.07996842069237975
-0.06858421394027389
-0.058658351951256946
-0.05025022827977426
-0.04338968805603495
-0.03808331117131903
-0.03431668120600503
-0.03205304152604594
-0.031229822077757777
-0.03175485202334271
-0.03350379410688867
-0.03632080787948508
-0.040023017742107966
-0.04440911741883232
-0.049271395275378285
-0.05440959223337203
-0.05964465496485146
-0.06483016779886677
-0.06985942130495103
-0.07466670383676666
-0.0792221353575195
-0.08352065441237877
-0.08756632761850162
-0.09135479165275807
-0.09485616647835399
-0.09800203518861117
-0.10067879430251729
-0.10272959108019568
-0.1039654936301179
