11.793712394569962
13.194520441551758
13.872087992424076
13.584707662844137
12.17568874930337
9.608937650883872
5.982642646859056
1.5349188674518985
-3.3767188725623494
-8.30460728597578
-12.761568290262021
-16.272911162455106
-18.434250724502945
-18.96179890094574
-17.73102421563258
-14.797521077558748
-10.397522960028558
-4.926519935653218
1.099571880082587
7.101715335020256
12.49710996316072
16.76624739490044
19.50765046742733
20.481151333879005
19.630642406098865
17.086471190717695
13.14542630191512
8.229683128620978
2.8361701574000016
-2.5264323224174263
-7.395950027580415
-11.407948777636529
-14.334029634459863
-16.098909215283292
-16.778289999187443
-16.57604609224574
-15.785904139649293
-14.74173850287072
-13.76343085828765
-13.109093217389654
-12.933827138887168
-13.267012129688137
-14.006953186259672
-14.935172834233178
-15.748065729587912
-16.10048296470724
-15.65760934965828
-14.144586126364842
-11.39189311231838
-7.363778826041846
-2.1750243396468503
3.9179518266036824
10.534712855459466
17.220582011188345
23.47623597114771
28.830405206771832
32.88280997328613
35.33751695511404
36.0439935986637
34.99539751513764
32.342261258124466
28.341174407605987
23.351362375557027
17.767973115149925
11.995220744715494
6.400370483070126
1.2728553764304449
-3.1789738362564712
-6.847862710557911
-9.715678916156632
-11.838872160646757
-13.322302052382716
-14.293237023034424
-14.875353250153353
-15.16786537133282
-15.232354885768244
-15.09105955705819
-14.73080778676353
-14.117558690606717
-13.214192309350219
-11.995562864156007
-10.468170624383482
-8.675806878349501
-6.702804068008476
-4.667022340431596
-2.7042831132896934
-0.9493814459332158
0.4856385450458382
1.5314976730522813
2.175537518806803
2.4683917594263747
2.5179990782228963
2.478142163465613
2.5209070934626285
2.8137613340819283
3.4843154364348936
4.597743153836749
6.135056857368019
7.986778326238237
9.960123256019163
