0.09738136120001503
0.2306593454581136
0.37078144639169014
0.508000715713348
0.6309874707568165
0.7280474470283708
0.7884781808350279
0.8039824118193906
0.7698741403793674
0.685989218298804
0.5570844880941371
0.39271164806933806
0.20650709529658104
0.014973773064805863
-0.16412748163855354
-0.31359739151288435
-0.4186228759576172
-0.46838570359047804
-0.4572789169229772
-0.3855444185894392
-0.2593109846181188
-0.08995495032619515
0.10709202409226273
0.31397234059609036
0.5122616578294122
0.6848522759174698
0.8176343597751983
0.9007624721855115
0.9294106555935924
0.9038911371853355
0.8291845712501796
0.7139527654154673
0.5691645872896101
0.4065493426907889
0.23707166593131979
0.06963685691873654
-0.08981672024943813
-0.2387231697733848
-0.3777477238975025
-0.5101628069014383
-0.6408075254760562
-0.7748177490082596
-0.916302124627044
-1.067162456285965
-1.2262338272919036
-1.3888649683495524
-1.547022638548121
-1.6898972458851396
-1.804966873282295
-1.8793484775857479
-1.9013184204104636
-1.8617431494346688
-1.7553319084704317
-1.5813866356301454
-1.3442529389518858
-1.0530367247420693
-0.7208871290523103
-0.3639425133440877
0.0001382300767577005
0.3536270938660268
0.6803166015238497
0.9665910904895667
1.2024634377174155
1.3819379136280208
1.503101759534238
1.567751966433936
1.580609091448385
1.5484982446175117
1.4793279142078344
1.3811897433375655
1.2616051760583051
1.1270364684584797
0.9826603369126775
0.8324042434767858
0.6791934821501916
0.5253313115868761
0.37289636656608627
0.2241003283159496
0.08149872538052819
-0.051977964612908364
-0.17314526627104984
-0.27888436348704465
-0.36651877639966585
-0.43422386799571105
-0.48136550779805043
-0.5086814988413807
-0.5182712104164636
-0.5133657705675158
-0.49789609710234123
-0.47592097064974725
-0.45098772055453135
-0.42555338643106777
-0.4005216474061626
-0.37505793939138854
-0.34663610773399534
-0.31144100231546107
-0.264999152276706
-0.20302888099016034
-0.12235435244229936
-0.021747046825944177
