0.03781715718703543
0.1640203533290643
0.30072039592490185
0.4393910810525191
0.5694940932350823
0.6795174588925936
0.7582628139316994
0.7962302963272092
0.786928276099379
0.7279316793390858
0.6215368531964706
0.47489806808173757
0.29960937168295954
0.11074043418069345
-0.07457685428687383
-0.23886243657571893
-0.3661101337352508
-0.44350428977404766
-0.4628323102567276
-0.4214116677562082
-0.322427701603779
-0.17463296747215698
0.008568536883033794
0.21053218234417656
0.4131169992127513
0.5985569668734411
0.751243317846334
0.859198415980355
0.915086563889552
0.916650896389464
0.8665378542177576
0.7715686683328234
0.6415586763525387
0.48785696499019954
0.32181050431105435
0.15335426142502817
-0.010089931665350793
-0.16426994501141148
-0.3082354468354436
-0.44395526539947044
-0.5754851661887472
-0.7078126372421578
-0.8455599368176517
-0.9917322904565046
-1.1466981417889344
-1.307549397820728
-1.4679438034488368
-1.6184599422166301
-1.7474320595837172
-1.8421576754340214
-1.8903334489981056
-1.8815307849225662
-1.8085375289525503
-1.6683592720502887
-1.4628197872910156
-1.1986448318469776
-0.8869619268971898
-0.5424148211981991
-0.181902141633665
0.17688266197139224
0.5169718476949382
0.8234538460067082
1.084527264103491
1.2922006756727182
1.4425198365811294
1.535426862984087
1.5741805289411606
1.5645536680329484
1.513913079412673
1.4302588287726998
1.3213974596979352
1.1943208222583925
1.0548484026855787
0.9075322901947317
0.7557988628134887
0.6022623968685339
0.44911383907648117
0.29849834744101794
0.1527995268482389
0.01476038038380991
-0.11256161544197911
-0.22601481487904723
-0.32270156994335525
-0.40037132219768845
-0.45779468789688077
-0.49502350331971556
-0.5134763546289222
-0.5158184904919897
-0.5056309338349285
-0.48690853387604427
-0.46345434560213933
-0.43827055349279953
-0.4130375169186152
-0.38778979339877556
-0.36084702356269194
-0.3290385550247282
-0.2882200772960835
-0.2340140166334332
-0.16269161671622986
-0.07205069963412178
