0.0
-1.8719492807582538
-8.119007489788682
-14.88565959828264
-21.749858512099696
-28.18995761513657
-33.63611421518338
-37.534009289619114
-39.41339966819685
-38.95294966691926
-36.03261812728474
-30.76607423322529
-23.50745437004601
-14.830663898306495
-5.481651491944325
3.6915542872002542
11.823690610498087
18.122451619894914
21.953462343815357
22.910199357708013
20.859877553932304
15.960171229387058
8.64433188987177
-0.4241425757101727
-10.42134302603674
-20.449291461031187
-29.62856986023533
-37.18654423339353
-42.530321591027565
-45.29678491253282
-45.374219371278464
-42.893623783779
-38.19264908247476
-31.757154479450662
-24.148919767014874
-15.929619963397188
-7.591035940538894
0.4994516174348642
8.131362278064868
15.257654618354458
21.975785637273784
28.486515726342986
35.03672554348681
41.855216872473754
49.090748377596974
56.76155801855224
64.72369519212603
72.66321827071741
80.11376713972318
86.49788694939399
91.18680493398405
93.57150572540623
93.13577385366702
89.52260768315124
82.58378396648928
72.40957947090527
59.332919176425385
43.90461538141089
26.84953364931085
9.004156010866417
-8.755691767583915
-25.590106460899438
-40.760965377332056
-53.68409957312281
-63.96393344579955
-71.4047319107659
-76.0036297177123
-77.92193618258744
-77.44540656763094
-74.9386974309273
-70.79781202424864
-65.40917425504779
-59.118880701790424
-52.21499593293614
-44.922848364639215
-37.41204370926769
-29.811988644992425
-22.231135034285817
-14.775668198330386
-7.563576578987824
-0.7306388289985905
5.571799964377965
11.187733336512837
15.973727712196084
19.818380448785575
22.660837050895598
24.503663414325917
25.417079554131647
25.53301527935349
25.02873122482896
24.10197242686419
22.940990107305893
21.694392397893576
20.44535708747145
19.19559477323939
17.86192766635325
16.287408473724042
14.266893826156133
11.583693823354942
9.925184308211632
