[ 0.4663     -0.14126969 -0.16685775]
[ 0.09672795 -0.17290105 -0.08755752]
[-0.27133166 -0.21626798 -0.1410122 ]
[-0.60957965 -0.26118762 -0.29969029]
[-0.9083239  -0.29575261 -0.52394178]
[-1.17538932 -0.30726788 -0.77226961]
[-1.42839291 -0.28350608 -1.00831625]
[-1.68499617 -0.21416766 -1.20384017]
[-1.95518867 -0.09238658 -1.33966836]
[-2.23794504  0.08393216 -1.40672598]
[-2.52287669  0.3112309  -1.40755534]
[-2.79741355  0.58007509 -1.35310127]
[-3.05758872  0.87572851 -1.24712374]
[-3.30330592  1.17948855 -1.09231095]
[-3.53619088  1.47067318 -0.89380886]
[-3.75903885  1.72902816 -0.65952204]
[-3.97512427  1.93722753 -0.40002976]
[-4.18750349  2.08302253 -0.12784494]
[-4.39858092  2.16067719  0.14398566]
[-4.60992071  2.17134961  0.40376284]
[-4.82199642  2.12222823  0.64302451]
[-5.03406094  2.02471414  0.85787186]
[-5.24390814  1.8919909   1.04932632]
[-5.44766049  1.7365676   1.2225532 ]
[-5.6398209   1.56831697  1.3851762 ]
[-5.81372457  1.39331869  1.54513525]
[-5.96238619  1.21357333  1.70862735]
[-6.07955715  1.02748659  1.87854616]
[-6.16083075  0.83093392  2.05369534]
[-6.20438077  0.61863919  2.2287552 ]
[-6.21115227  0.38566267  2.39488845]
[-6.18447199  0.12880093  2.54081028]
[-6.12915368 -0.15228535  2.65416585]
[-6.05033086 -0.45438742  2.72308842]
[-5.95232147 -0.77065482  2.73782302]
[-5.83774643 -1.09117639  2.69223181]
[-5.70712058 -1.40420532  2.58497876]
[-5.55884416 -1.69782761  2.42008032]
[-5.38967298 -1.96174598  2.20671849]
[-5.19543828 -2.18879924  1.95832014]
[-4.96869819 -2.37579073  1.70001419]
[-4.69953811 -2.52348484  1.47173188]
[-4.38359386 -2.63574142  1.30440834]
[-4.02024008 -2.71799722  1.2131791 ]
[-3.60955336 -2.77539341  1.19518371]
[-3.15160635 -2.81104463  1.23016246]
[-2.64891241 -2.82474823  1.28391359]
[-2.11092348 -2.81238256  1.31471409]
[-1.55795159 -2.76624676  1.28237933]
[-1.02102203 -2.67616804  1.15822344]
[-0.53623785 -2.53124446  0.9327165 ]
[-0.13527348 -2.321866    0.61744977]
[ 0.16373249 -2.04156198  0.24014282]
[ 0.36035053 -1.68826501 -0.16507888]
[ 0.46932704 -1.26485317 -0.56757955]
[ 0.51318242 -0.77890391 -0.94642995]
[ 0.51360834 -0.24191536 -1.29166174]
[ 0.48500361  0.33155442 -1.60220374]
[ 0.4315313   0.92465547 -1.88294905]
[ 0.34741254  1.51874178 -2.14239875]
[ 0.21938174  2.09376432 -2.39091086]
[ 0.03000282  2.62876971 -2.63871401]
[-0.23813878  3.10268631 -2.89273929]
[-0.58984125  3.49551495 -3.15479192]
[-1.0181072   3.78979332 -3.42335488]
[-1.50915982  3.97199065 -3.69454494]
[-2.04381638  4.03356991 -3.96312323]
[-2.59923299  3.97153772 -4.22355296]
[-3.15071616  3.78847105 -4.47095714]
[-3.67334085  3.49212171 -4.70184071]
[-4.14329257  3.09484019 -4.91446315]
[-4.53896866  2.61294854 -5.10883002]
[-4.84194844  2.06614355 -5.28637193]
[-5.03789521  1.47682318 -5.44933029]
[-5.117371    0.86925537 -5.59995537]
[-5.07655976  0.26848161 -5.73972501]
[-4.91765595 -0.30108961 -5.86861384]
[-4.64884449 -0.81727975 -5.98462955]
[-4.28375571 -1.26173922 -6.0836691 ]
[-3.84044866 -1.62129283 -6.15981218]
[-3.33999292 -1.88880241 -6.2059424 ]
[-2.804843   -2.06336372 -6.21462846]
[-2.25724311 -2.14983091 -6.17917839]
[-1.71781193 -2.15774803 -6.09462257]
[-1.20439434 -2.09983311 -5.95837844]
[-0.73135404 -1.99032953 -5.77062223]
[-0.30924167 -1.84347829 -5.53427272]
[ 0.05518504 -1.67225013 -5.25446687]
[ 0.35859474 -1.48759268 -4.93790435]
[ 0.60051447 -1.29816556 -4.59206763]
[ 0.78263395 -1.11050434 -4.2244615 ]
[ 0.9134792  -0.92951356 -3.8408173 ]
[ 1.01891489 -0.75907019 -3.44007047]
[ 1.11569964 -0.60260115 -3.01816405]
[ 1.20364205 -0.46345231 -2.57203592]
[ 1.26715671 -0.34498564 -2.10313458]
[ 1.28037249 -0.25039427 -1.62177635]
[ 1.21577601 -0.18226622 -1.1506973 ]
[ 1.05499124 -0.14200339 -0.72486724]
[ 0.79801888 -0.12922422 -0.38516842]
