[0.00956938 0.00861244 0.        ]
[0.01339713 0.05933014 0.        ]
[0.01435407 0.1138756  0.        ]
[0.01148325 0.16363636 0.        ]
[0.01435407 0.2277512  0.        ]
[0.02009569 0.28133971 0.        ]
[0.00669856 0.27464115 0.        ]
[0.00287081 0.28899522 0.        ]
[0.02009569 0.32727273 0.        ]
[0.03253589 0.4        0.        ]
[0.03923445 0.46794258 0.        ]
[0.04497608 0.55980861 0.        ]
[0.04401914 0.64497608 0.        ]
[0.03732057 0.72822967 0.        ]
[0.01626794 0.82200957 0.        ]
[-0.02488038  0.91961722  0.        ]
[-0.06602871  0.96172249  0.        ]
[-0.11770335  0.99808612  0.        ]
[-0.19712919  1.          0.        ]
[-0.25645933  0.96937799  0.        ]
[-0.29856459  0.91483254  0.        ]
[-0.33397129  0.85933014  0.        ]
[-0.36363636  0.78277512  0.        ]
[-0.38564593  0.69090909  0.        ]
[-0.3923445   0.61339713  0.        ]
[-0.40095694  0.55502392  0.        ]
[-0.4076555   0.46794258  0.        ]
[-0.39617225  0.36555024  0.        ]
[-0.35980861  0.25741627  0.        ]
[-0.30717703  0.17799043  0.        ]
[-0.25263158  0.14545455  0.        ]
[-0.15598086  0.11770335  0.        ]
[-0.11866029  0.08133971  0.        ]
[-0.08708134  0.05837321  0.        ]
[-0.04784689  0.0277512   0.        ]
[-0.02679426  0.01626794  0.        ]
[-0.02009569  0.02296651  0.        ]
[-0.01435407  0.00669856  0.        ]
[0. 0. 0.]
[0.00956938 0.00861244 0.        ]
