-0.11770334928229664
-0.10760233918128655
-0.09750132908027644
-0.08740031897926634
-0.07729930887825623
-0.06719829877724613
-0.057097288676236035
-0.046996278575225925
-0.03689526847421583
-0.02679425837320573
-0.01669324827219562
-0.006592238171185524
0.0035087719298245723
0.013609782030834683
0.023710792131844793
0.033811802232854876
0.04391281233386499
0.0540138224348751
0.06411483253588518
0.07421584263689529
0.0843168527379054
0.09441786283891548
0.1045188729399256
0.1146198830409357
0.12472089314194579
0.1348219032429559
0.144922913343966
0.15502392344497612
0.16512493354598623
0.17522594364699628
0.1853269537480064
0.1954279638490165
0.20552897395002662
0.21562998405103673
0.22573099415204684
0.23583200425305695
0.245933014354067
0.2560340244550771
0.2661350345560872
0.27623604465709733
0.28633705475810745
0.29643806485911756
0.3065390749601276
0.3166400850611377
0.32674109516214783
0.33684210526315794
0.34694311536416805
0.35704412546517816
0.3671451355661882
0.37724614566719833
0.38734715576820844
0.3974481658692186
0.40754917597022866
0.4176501860712387
0.4277511961722489
0.43785220627325894
0.4479532163742691
0.45805422647527916
0.4681552365762892
0.4782562466772994
0.48835725677830943
0.4984582668793196
0.5085592769803297
0.5186602870813398
0.5287612971823499
0.5388623072833599
0.5489633173843701
0.5590643274853802
0.5691653375863903
0.5792663476874004
0.5893673577884105
0.5994683678894206
0.6095693779904306
0.6196703880914408
0.6297713981924509
0.639872408293461
0.6499734183944711
0.6600744284954811
0.6701754385964913
0.6802764486975014
0.6903774587985115
0.7004784688995216
0.7105794790005318
0.7206804891015418
0.7307814992025519
0.740882509303562
0.7509835194045721
0.7610845295055823
0.7711855396065923
0.7812865497076025
0.7913875598086125
0.8014885699096226
0.8115895800106327
0.8216905901116428
0.831791600212653
0.841892610313663
0.8519936204146731
0.8620946305156832
0.8721956406166933
0.8822966507177034
