[-0.24309982 -0.93646929  0.25283936]
[-0.1816896  -0.89571411  0.40581415]
[-0.12256988 -0.83175002  0.5414504 ]
[-0.07056317 -0.75422479  0.65281376]
[-0.02916627 -0.67440215  0.73778796]
[-1.90863692e-04 -6.02227072e-01  7.98324820e-01]
[ 0.01607934 -0.54432943  0.83871743]
[ 0.02053641 -0.50328686  0.86387534]
[ 0.01497379 -0.47791201  0.87828008]
[ 0.00198039 -0.46413943  0.88575994]
[-0.01508305 -0.45615802  0.88977096]
[-0.03283569 -0.44860974  0.89312436]
[-0.05028582 -0.44050301  0.8963417 ]
[-0.06720311 -0.43194462  0.8993929 ]
[-0.08350172 -0.42300526  0.90227158]
[-0.09924026 -0.4136895   0.90499302]
[-0.11460101 -0.40390972  0.90759217]
[-0.12985103 -0.39346914  0.91012128]
[-0.14528826 -0.38205933  0.9126456 ]
[-0.16118206 -0.36927428  0.91523595]
[-0.17771536 -0.35464208  0.91795765]
[-0.19493743 -0.33767219  0.92085661]
[-0.21273548 -0.31791195  0.92394568]
[-0.23082831 -0.29500641  0.92719443]
[-0.24878416 -0.2687521   0.93052606]
[-0.26605952 -0.2391375   0.9338231 ]
[-0.28205419 -0.20636268  0.93694177]
[-0.29617388 -0.17083519  0.93973207]
[-0.30789197 -0.1331414   0.94205939]
[-0.31680152 -0.0939968   0.94382276]
[-0.3226504  -0.05418301  0.9449661 ]
[-0.32535579 -0.01448044  0.94548079]
[-0.32499771  0.02439314  0.94540016]
[-0.32179494  0.06182966  0.9447884 ]
[-0.31606987  0.09735774  0.94372735]
[-0.30820987  0.13064848  0.94230444]
[-0.29863265  0.16150195  0.94060388]
[-0.28776102  0.18982087  0.9387021 ]
[-0.27601016  0.2155772   0.93666689]
[-0.26379863  0.23878766  0.93455376]
[-0.25306063  0.26033149  0.93176597]
[-0.24824176  0.28313102  0.92639778]
[-0.25296345  0.31077535  0.91620313]
[-0.26929349  0.34667852  0.89849597]
[-0.29752038  0.39330195  0.86993977]
[-0.33607533  0.45141154  0.82660812]
[-0.38162597  0.51952635  0.76449591]
[-0.42940813  0.59374071  0.68050028]
[-0.4738784   0.66811158  0.57364291]
[-0.50968382  0.7356822   0.44608755]
[-0.53277983  0.78997689  0.30345044]
[-0.54136936  0.82654104  0.15410752]
[-0.53631854  0.84398114  0.00763314]
[-0.52088173  0.84411534 -0.12708862]
[-0.49985113  0.83120667 -0.24340156]
[-0.47845777  0.81061729 -0.33760594]
[-0.46138171  0.78738526 -0.4088415 ]
[-0.45208514  0.76515098 -0.45843539]
[-0.45251028  0.74564212 -0.48913422]
[-0.46306355  0.72871056 -0.50453253]
[-0.48279364  0.71277887 -0.50877951]
[-0.50968769  0.69548822 -0.50647269]
[-0.54118084  0.674472   -0.50220596]
[-0.57572839  0.64877673 -0.49761991]
[-0.61236888  0.61820051 -0.49278036]
[-0.65008514  0.58264839 -0.48776035]
[-0.68784038  0.5421431  -0.48265564]
[-0.72461849  0.49683284 -0.47758264]
[-0.75945958  0.44699161 -0.47267287]
[-0.79148987  0.39301264 -0.46806501]
[-0.81994442  0.33539748 -0.4638962 ]
[-0.84418436  0.27474095 -0.46029358]
[-0.86370841  0.21171445 -0.45736721]
[-0.87816082  0.14704567 -0.45520451]
[-0.88733495  0.08149765 -0.45386652]
[-0.89117348  0.01584454 -0.4533859 ]
[-0.88976392 -0.04915403 -0.45376651]
[-0.88332893 -0.11277908 -0.45498448]
[-0.87221093 -0.17437755 -0.45699078]
[-0.85685136 -0.23338352 -0.459715  ]
[-0.83776573 -0.28933471 -0.46307021]
[-0.8155167  -0.34188057 -0.46695844]
[-0.79068785 -0.39078297 -0.47127635]
[-0.76386055 -0.43590921 -0.47592039]
[-0.73559585 -0.47721972 -0.4807911 ]
[-0.70642346 -0.5147507  -0.48579585]
[-0.67683571 -0.54859771 -0.49085027]
[-0.64728695 -0.57889934 -0.49587817]
[-0.6181961  -0.60582369 -0.50081058]
[-0.58994912 -0.62955888 -0.50558446]
[-0.5629008  -0.65030618 -0.51014171]
[-0.53751836 -0.66904913 -0.51327115]
[-0.51449868 -0.68986216 -0.50929491]
[-0.4937328  -0.71708381 -0.491954  ]
[-0.47398825 -0.7533993  -0.45576817]
[-0.45295858 -0.79865013 -0.3962152 ]
[-0.42762161 -0.84905216 -0.31024215]
[-0.39496989 -0.89726748 -0.19725581]
[-0.35299713 -0.93367986 -0.06029051]
[-0.30161922 -0.94884597  0.09336582]
[-0.24309982 -0.93646929  0.25283936]
