[8.82069682]
[9.08901676]
[9.35680611]
[9.62380135]
[9.88973891]
[10.15435526]
[10.41739208]
[10.67858759]
[10.93768521]
[11.19442663]
[11.44856228]
[11.69983908]
[11.94800919]
[12.19282652]
[12.43405371]
[12.67144816]
[12.90477774]
[13.13381032]
[13.35832423]
[13.5780926]
[13.79290249]
[14.00253922]
[14.20679685]
[14.40547466]
[14.59837543]
[14.78531067]
[14.96609362]
[15.14054626]
[15.30849754]
[15.46977993]
[15.62423633]
[15.77171316]
[15.91206556]
[16.0451539]
[16.17084902]
[16.28902352]
[16.39956395]
[16.5023586]
[16.59730801]
[16.6843179]
[16.76330278]
[16.83418409]
[16.89689203]
[16.95136375]
[16.99754691]
[17.03539437]
[17.06487124]
[17.08594784]
[17.09860147]
[8.55140997]
[8.55140997]
[17.09860147]
[17.08594784]
[17.06487124]
[17.03539437]
[16.99754691]
[16.95136375]
[16.89689203]
[16.83418409]
[16.76330278]
[16.6843179]
[16.59730801]
[16.5023586]
[16.39956395]
[16.28902352]
[16.17084902]
[16.0451539]
[15.91206556]
[15.77171316]
[15.62423633]
[15.46977993]
[15.30849754]
[15.14054626]
[14.96609362]
[14.78531067]
[14.59837543]
[14.40547466]
[14.20679685]
[14.00253922]
[13.79290249]
[13.5780926]
[13.35832423]
[13.13381032]
[12.90477774]
[12.67144816]
[12.43405371]
[12.19282652]
[11.94800919]
[11.69983908]
[11.44856228]
[11.19442663]
[10.93768521]
[10.67858759]
[10.41739208]
[10.15435526]
[9.88973891]
[9.62380135]
[9.35680611]
[9.08901676]
[8.82069682]
[8.55211333]
[8.28352985]
[8.01520991]
[7.74742056]
[7.48042532]
[7.21448776]
[6.94987141]
[6.68683458]
[6.42563908]
[6.16654146]
[5.90980004]
[5.65566439]
[5.40438759]
[5.15621748]
[4.91140015]
[4.67017296]
[4.43277851]
[4.19944893]
[3.97041635]
[3.74590244]
[3.52613407]
[3.31132418]
[3.10168745]
[2.89742982]
[2.69875201]
[2.50585124]
[2.318916]
[2.13813305]
[1.96368041]
[1.79572912]
[1.63444639]
[1.47998999]
[1.33251298]
[1.19216076]
[1.05907207]
[0.933378]
[0.81520263]
[0.70466272]
[0.60186737]
[0.50691797]
[0.41990807]
[0.34092371]
[0.27004293]
[0.20733534]
[0.15286321]
[0.10668009]
[0.06883158]
[0.03935503]
[0.01827957]
[0.00562595]
[0.00070335]
[0.]
[0.]
[0.]
[0.]
[0.]
[0.]
[0.]
[0.]
[0.]
[0.]
[0.]
[0.]
[0.]
[0.]
[0.]
[0.]
[0.]
[0.]
[0.]
[0.]
[0.]
[0.]
[0.]
[0.]
[0.]
[0.]
[0.]
[0.]
[0.]
[0.]
[0.]
[0.]
[0.]
[0.]
[0.]
[0.]
[0.]
[0.]
[0.]
[0.]
[0.]
[0.]
[0.]
[0.]
[0.]
[0.]
[0.]
[0.]
[0.]
[0.]
[0.]
[0.]
[0.]
[0.]
[0.]
[0.]
[0.]
[0.]
[0.]
[0.]
[0.]
[0.]
[0.]
[0.]
[0.]
[0.]
[0.]
[0.]
[0.]
[0.]
[0.]
[0.]
[0.]
[0.]
[0.]
[0.]
[0.]
[0.]
[0.]
[0.]
[0.]
[0.]
[0.]
[0.]
[0.]
[0.]
[0.]
[0.]
[0.]
[0.]
[0.]
[0.]
[0.]
[0.]
[0.]
[0.]
[0.]
[0.]
[0.]
[0.]
[0.]
[0.]
[0.]
[0.]
[0.]
[0.]
[0.]
[0.]
[0.]
[0.]
[0.]
[0.]
[0.]
[0.]
[0.]
[0.]
[0.]
[0.]
[0.]
[0.]
[0.]
[0.]
[0.]
[0.]
[0.]
[0.]
[0.]
[0.]
[0.]
[0.]
[0.]
[0.]
[0.]
[0.]
[0.]
[0.]
[0.]
[0.]
[0.]
[0.]
[0.]
[0.]
[0.]
[0.]
[0.]
[0.]
[0.]
[0.]
[0.]
[0.]
[0.]
[0.]
[0.]
[0.]
[0.]
[0.]
[0.]
[0.]
[0.]
[0.]
[0.]
[0.]
[0.]
[0.]
[0.]
[0.]
[0.]
[0.]
[0.]
[0.]
[0.]
[0.]
[0.]
[0.]
[0.]
[0.]
[0.]
[0.]
[0.]
[0.]
[0.]
[0.]
[0.]
[0.]
[0.]
[0.]
[0.]
[0.]
[0.]
[0.]
[0.]
[0.]
[0.]
[0.]
[0.]
[0.]
[0.]
[0.]
[0.]
[0.]
[0.]
[0.]
[0.]
[0.]
[0.]
[0.]
[0.]
[0.]
[0.]
[0.]
[0.]
[0.]
[0.]
[0.]
[0.]
[0.]
[0.]
[0.]
[0.]
[0.]
[0.]
[0.]
[0.]
[0.]
[0.]
[0.]
[0.]
[0.]
[0.]
[0.]
[0.]
[0.]
[0.]
[0.]
[0.]
[0.]
[0.]
[0.]
[0.]
[0.]
[0.]
[0.]
[0.]
[0.]
[0.]
[0.]
[0.]
[0.]
[0.]
[0.]
[0.]
[0.]
[0.]
[0.]
[0.]
[0.]
[0.]
[0.]
[0.]
[0.]
[0.]
[0.]
[0.]
[0.]
[0.]
[0.]
[0.]
[0.]
[0.]
[0.]
[0.]
[0.]
[0.]
[0.]
[0.]
[0.]
[0.]
[0.]
[0.]
[0.]
[0.]
[0.]
[0.]
[0.]
[0.]
[0.]
[-6.17504471e-05]
[-0.00166713]
[-0.00765525]
[-0.01950337]
[-0.03726398]
[-0.06092327]
[-0.09046275]
[-0.12585943]
[-0.16708568]
[-0.21410931]
[-0.26689383]
[-0.32539779]
[-0.38957582]
[-0.45937781]
[-0.53474916]
[-0.61563138]
[-0.7019613]
[-0.79367155]
[-0.89069056]
[-0.99294277]
[-1.10034841]
[-1.21282371]
[-1.33028105]
[-1.45262898]
[-1.57977168]
[-1.71161036]
[-1.84804188]
[-1.98895976]
[-2.13425493]
[-2.28381394]
[-2.43751985]
[-2.59525224]
[-2.75688893]
[-2.92230251]
[-3.09136731]
[-3.26394722]
[-3.43990957]
[-3.61911823]
[-3.80143358]
[-3.98671075]
[-4.17480837]
[-4.36557635]
[-4.55886982]
[-4.75453519]
[-4.95242062]
[-5.15237252]
[-5.35423381]
[-5.55784916]
[-5.76305625]
[-5.96969799]
[-6.17761383]
[-6.3866397]
[-6.59661153]
[-6.80736877]
[-7.01874559]
[-7.23057621]
[-7.44269829]
[-7.65494254]
[-7.86714491]
[-8.07914307]
[-8.29076599]
[-8.50185483]
[-8.71224031]
[-8.92176011]
[-9.13025016]
[-9.33754815]
[-9.54349351]
[-9.74792567]
[-9.95068232]
[-10.15160986]
[-10.35054772]
[-10.54734232]
[-10.74184007]
[-10.93388912]
[-11.12334112]
[-11.31004597]
[-11.49386055]
[-11.67464001]
[-11.85224297]
[-12.02653155]
[-12.19736961]
[-12.36462626]
[-12.5281671]
[-12.68786647]
[-12.84360046]
[-12.99524863]
[-13.14268881]
[-13.28580929]
[-13.42449839]
[-13.55864614]
[-13.68814958]
[-13.81290746]
[-13.93282205]
[-14.0477991]
[-14.15775135]
[-14.26258979]
[-14.36223587]
[-14.45660932]
[-14.54563682]
[-14.62925205]
[-14.70738695]
[-14.77998043]
[-14.84697664]
[-14.90832322]
[-14.96397304]
[-15.01388248]
[-15.05801138]
[-15.09632659]
[-15.12879844]
[-15.15539901]
[-15.17611083]
[-15.1909182]
[-15.19980542]
[-15.20276899]
[-15.19980542]
[-15.1909182]
[-15.17611083]
[-15.15539901]
[-15.12879844]
[-15.09632659]
[-15.05801138]
[-15.01388248]
[-14.96397304]
[-14.90832322]
[-14.84697664]
[-14.77998043]
[-14.70738695]
[-14.62925205]
[-14.54563682]
[-14.45660932]
[-14.36223587]
[-14.26258979]
[-14.15775135]
[-14.0477991]
[-13.93282205]
[-13.81290746]
[-13.68814958]
[-13.55864614]
[-13.42449839]
[-13.28580929]
[-13.14268881]
[-12.99524863]
[-12.84360046]
[-12.68786647]
[-12.5281671]
[-12.36462626]
[-12.19736961]
[-12.02653155]
[-11.85224297]
[-11.67464001]
[-11.49386055]
[-11.31004597]
[-11.12334112]
[-10.93388912]
[-10.74184007]
[-10.54734232]
[-10.35054772]
[-10.15160986]
[-9.95068232]
[-9.74792567]
[-9.54349351]
[-9.33754815]
[-9.13025016]
[-8.92176011]
[-8.71224031]
[-8.50185483]
[-8.29076599]
[-8.07914307]
[-7.86714491]
[-7.65494254]
[-7.44269829]
[-7.23057621]
[-7.01874559]
[-6.80736877]
[-6.59661153]
[-6.3866397]
[-6.17761383]
[-5.96969799]
[-5.76305625]
[-5.55784916]
[-5.35423381]
[-5.15237252]
[-4.95242062]
[-4.75453519]
[-4.55886982]
[-4.36557635]
[-4.17480837]
[-3.98671075]
[-3.80143358]
[-3.61911823]
[-3.43990957]
[-3.26394722]
[-3.09136731]
[-2.92230251]
[-2.75688893]
[-2.59525224]
[-2.43751985]
[-2.28381394]
[-2.13425493]
[-1.98895976]
[-1.84804188]
[-1.71161036]
[-1.57977168]
[-1.45262898]
[-1.33028105]
[-1.21282371]
[-1.10034841]
[-0.99294277]
[-0.89069056]
[-0.79367155]
[-0.7019613]
[-0.61563138]
[-0.53474916]
[-0.45937781]
[-0.38957582]
[-0.32539779]
[-0.26689383]
[-0.21410931]
[-0.16708568]
[-0.12585943]
[-0.09046275]
[-0.06092327]
[-0.03726398]
[-0.01950337]
[-0.00765525]
[-0.00166713]
[-6.17504471e-05]
[0.]
[0.]
[0.]
[0.]
[0.]
[0.]
[0.]
[0.]
[0.]
[0.]
[0.]
[0.]
[0.]
[0.]
[0.]
[0.]
[0.]
[0.]
[0.]
[0.]
[0.]
[0.]
[0.]
[0.]
[0.]
[0.]
[0.]
[0.]
[0.]
[0.]
[0.]
[0.]
[0.]
[0.]
[0.]
[0.]
[0.]
[0.]
[0.]
[0.]
[0.]
[0.]
[0.]
[0.]
[0.]
[0.]
[0.]
[0.]
[0.]
[0.]
[0.]
[0.]
[0.]
[0.]
[0.]
[0.]
[0.]
[0.]
[0.]
[0.]
[0.]
[0.]
[0.]
[0.]
[0.]
[0.]
[0.]
[0.]
[0.]
[0.]
[0.]
[0.]
[0.]
[0.]
[0.]
[0.]
[0.]
[0.]
[0.]
[0.]
[0.]
[0.]
[0.]
[0.]
[0.]
[0.]
[0.]
[0.]
[0.]
[0.]
[0.]
[0.]
[0.]
[0.]
[0.]
[0.]
[0.]
[0.]
[0.]
[0.]
[0.]
[0.]
[0.]
[0.]
[0.]
[0.]
[0.]
[0.]
[0.]
[0.]
[0.]
[0.]
[0.]
[0.]
[0.]
[0.]
[0.]
[0.]
[0.]
[0.]
[0.]
[0.]
[0.]
[0.]
[0.]
[0.]
[0.]
[0.]
[0.]
[0.]
[0.]
[0.]
[0.]
[0.]
[0.]
[0.]
[0.]
[0.]
[0.]
[0.]
[0.]
[0.]
[0.]
[0.]
[0.]
[0.]
[0.]
[0.]
[0.]
[0.]
[0.]
[0.]
[0.]
[0.]
[0.]
[0.]
[0.]
[0.]
[0.]
[0.]
[0.]
[0.]
[0.]
[0.]
[0.]
[0.]
[0.]
[0.]
[0.]
[0.]
[0.]
[0.]
[0.]
[0.]
[0.]
[0.]
[0.]
[0.]
[0.]
[0.]
[0.]
[0.]
[0.]
[0.]
[0.]
[0.]
[0.]
[0.]
[0.]
[0.]
[0.]
[0.]
[0.]
[0.]
[0.]
[0.]
[0.]
[0.]
[0.]
[0.]
[0.]
[0.]
[0.]
[0.]
[0.]
[0.]
[0.]
[0.]
[0.]
[0.]
[0.]
[0.]
[0.]
[0.]
[0.]
[0.]
[0.]
[0.]
[0.]
[0.]
[0.]
[0.]
[0.]
[0.]
[0.]
[0.]
[0.]
[0.]
[0.]
[0.]
[0.]
[0.]
[0.]
[0.]
[0.]
[0.]
[0.]
[0.]
[0.]
[0.]
[0.]
[0.]
[0.]
[0.]
[0.]
[0.]
[0.]
[0.]
[0.]
[0.]
[0.]
[0.]
[0.]
[0.]
[0.]
[0.]
[0.]
[0.]
[0.]
[0.]
[0.]
[0.]
[0.]
[0.]
[0.]
[0.]
[0.]
[0.]
[0.]
[0.]
[0.]
[0.]
[0.]
[0.]
[0.]
[0.]
[0.]
[0.]
[0.]
[0.]
[0.]
[0.]
[0.]
[0.]
[0.]
[0.]
[0.00070335]
[0.00562595]
[0.01827957]
[0.03935503]
[0.06883158]
[0.10668009]
[0.15286321]
[0.20733534]
[0.27004293]
[0.34092371]
[0.41990807]
[0.50691797]
[0.60186737]
[0.70466272]
[0.81520263]
[0.933378]
[1.05907207]
[1.19216076]
[1.33251298]
[1.47998999]
[1.63444639]
[1.79572912]
[1.96368041]
[2.13813305]
[2.318916]
[2.50585124]
[2.69875201]
[2.89742982]
[3.10168745]
[3.31132418]
[3.52613407]
[3.74590244]
[3.97041635]
[4.19944893]
[4.43277851]
[4.67017296]
[4.91140015]
[5.15621748]
[5.40438759]
[5.65566439]
[5.90980004]
[6.16654146]
[6.42563908]
[6.68683458]
[6.94987141]
[7.21448776]
[7.48042532]
[7.74742056]
[8.01520991]
[8.28352985]
