[-0.09483245 -0.29401149 -0.08261933]
[-0.05445376  0.04435935 -0.22572305]
[-0.01754889  0.37593315 -0.37527688]
[ 0.02236193  0.69933661 -0.52253521]
[ 0.07178108  1.01329688 -0.65711365]
[ 0.13663702  1.31659536 -0.76810347]
[ 0.22170649  1.60797336 -0.84534607]
[ 0.33025032  1.88632146 -0.88082646]
[ 0.46382526  2.15048578 -0.86990594]
[ 0.62247968  2.39948556 -0.81232668]
[ 0.80506199  2.63227461 -0.71270265]
[ 1.00967544  2.84775405 -0.58047819]
[ 1.23399418  3.04456909 -0.42924541]
[ 1.47546159  3.22113031 -0.2755122 ]
[ 1.73123881  3.37553907 -0.13702821]
[ 1.99811311  3.50574982 -0.03089336]
[2.27253895 3.60990125 0.02831304]
[2.55071354 3.68632658 0.03017599]
[ 2.82912277  3.73389728 -0.03040014]
[ 3.10492596  3.75170357 -0.15261317]
[ 3.37645455  3.73890149 -0.32983542]
[ 3.64330447  3.69433114 -0.55031673]
[ 3.90604053  3.61628986 -0.79837538]
[ 4.16557523  3.50261966 -1.05595249]
[ 4.42219726  3.35097859 -1.30431113]
[ 4.67498942  3.15965599 -1.52581731]
[ 4.92116235  2.92811902 -1.70551398]
[ 5.15627038  2.65773866 -1.83245893]
[ 5.37445606  2.35189103 -1.90057522]
[ 5.56926534  2.01584599 -1.90896131]
[ 5.73417246  1.65616662 -1.86153382]
[ 5.86336495  1.28014932 -1.76615869]
[ 5.95188448  0.89517739 -1.6332488 ]
[ 5.99592004  0.50842988 -1.47420295]
[ 5.99286815  0.12678323 -1.29983295]
[ 5.94135914 -0.24310922 -1.11903495]
[ 5.84143623 -0.59470173 -0.93789643]
[ 5.69443215 -0.92152172 -0.759269  ]
[ 5.50321688 -1.21729794 -0.58296545]
[ 5.27186292 -1.47619859 -0.40634479]
[ 5.0053521  -1.69312267 -0.22532907]
[ 4.70926527 -1.86402799 -0.0356529 ]
[ 4.3891638  -1.98611931  0.1658829 ]
[ 4.05019227 -2.05797282  0.38026276]
[ 3.69653004 -2.07940583  0.60546003]
[ 3.33151447 -2.05145818  0.83597648]
[ 2.95738857 -1.97597153  1.06299685]
[ 2.57575588 -1.85536861  1.2749552 ]
[ 2.18794972 -1.69233406  1.45861753]
[ 1.79557126 -1.48970035  1.60045838]
[ 1.4006473  -1.25030555  1.68828776]
[ 1.00573495 -0.9771985   1.71276711]
[ 0.61354958 -0.67389474  1.66875225]
[ 0.2262462  -0.34464833  1.55607738]
[-0.15524906  0.00512346  1.37992182]
[-0.53195953  0.36867727  1.1503883 ]
[-0.90689032  0.73763409  0.88155619]
[-1.28494289  1.1022228   0.59029447]
[-1.67188012  1.45133155  0.29465954]
[-2.07324007  1.77303299  0.01245522]
[-2.49291953  2.05510272 -0.24032371]
[-2.93237666  2.28595895 -0.45044194]
[-3.38963763  2.45515623 -0.60848007]
[-3.85955052  2.55433686 -0.70914088]
[-4.33403368  2.57761604 -0.75140961]
[-4.80290349  2.52190286 -0.73821381]
[-5.25493105  2.3869859  -0.67562735]
[-5.67860419  2.17529577 -0.57204235]
[-6.06291108  1.89164927 -0.43706207]
[-6.39789216  1.54292909 -0.28049135]
[-6.67498891  1.13775247 -0.11146957]
[-6.88708778  0.6861445   0.062091  ]
[-7.02893579  0.19931344  0.23386213]
[-7.09702138 -0.31068994  0.39908153]
[-7.08986517 -0.83127893  0.55437636]
[-7.00804816 -1.34972242  0.69739148]
[-6.85423557 -1.85355597  0.82639036]
[-6.63315808 -2.33101134  0.93988407]
[-6.35135649 -2.77138341  1.03636656]
[-6.01708609 -3.16542226  1.11426156]
[-5.6396686  -3.50545813  1.17192844]
[-5.22944503 -3.78572876  1.2079788 ]
[-4.79698926 -4.00228894  1.22152294]
[-4.35295307 -4.15320947  1.21256264]
[-3.90734522 -4.23833177  1.18221224]
[-3.46937058 -4.25934689  1.13285665]
[-3.04688763 -4.21942245  1.06804404]
[-2.64631226 -4.12307515  0.9922307 ]
[-2.27239862 -3.97570775  0.91029616]
[-1.92837062 -3.78337332  0.82697736]
[-1.61607044 -3.55243462  0.74623862]
[-1.3361449  -3.28914904  0.67071246]
[-1.08838188 -2.99949306  0.60128751]
[-0.87204211 -2.6891987   0.53698134]
[-0.68588826 -2.36322211  0.47499695]
[-0.52847856 -2.02616316  0.41118888]
[-0.39804548 -1.68191379  0.34068718]
[-0.29249043 -1.33393333  0.25876281]
[-0.20915359 -0.98505976  0.16171463]
[-0.14516316 -0.64118542  0.04898877]
[-0.12357852 -0.51723356  0.00416381]
